gene_name,mutation_position,peptide,best_allele,presentation_score,presentation_percentile,affinity,presentation_component,affinity_component,priority_score,ranking_reason,triage_label,triage_note
VPS13C,1749,ARKSFRLLM,HLA-C0701,0.7973701280023114,0.2824728260869165,40.39403556605769,1.0,1.0,1.0,strong presentation + strong affinity,High Priority,Heuristic high-priority candidate: strong presentation + strong affinity.
NAV3,835,LRTDNINSGY,HLA-C0701,0.7389430501541042,0.37529891304347984,78.58769841095149,0.9984496124031008,0.9968992248062015,0.9978294573643411,strong presentation + strong affinity,High Priority,Heuristic high-priority candidate: strong presentation + strong affinity.
BIRC3,34,YRMCTYSTF,HLA-C0701,0.6833898873766674,0.4658967391304003,45.225186058957554,0.9953488372093023,0.9984496124031008,0.9965891472868217,strong presentation + strong affinity,High Priority,Heuristic high-priority candidate: strong presentation + strong affinity.
NAV3,835,LRTDNINSGYM,HLA-C0701,0.4248584227415837,0.9941576086955166,131.41631136874403,0.9922480620155039,0.9953488372093023,0.9934883720930232,strong presentation + strong affinity,High Priority,Heuristic high-priority candidate: strong presentation + strong affinity.
USH1C,31,YLYDVLQMY,HLA-C0701,0.7084897019785623,0.42456521739127595,272.8419503899216,0.9968992248062015,0.9875968992248062,0.9931782945736434,strong presentation + strong affinity,High Priority,Heuristic high-priority candidate: strong presentation + strong affinity.
DPF2,200,ARKKLDACIL,HLA-C0701,0.3825331025654195,1.1026630434781026,147.60997030380156,0.9891472868217054,0.993798449612403,0.9910077519379844,strong presentation + strong affinity,High Priority,Heuristic high-priority candidate: strong presentation + strong affinity.
VPS13C,1749,ARKSFRLL,HLA-C0701,0.4032564891119598,1.049592391304202,172.8230207044601,0.9906976744186047,0.9891472868217054,0.990077519379845,strong presentation + strong affinity,High Priority,Heuristic high-priority candidate: strong presentation + strong affinity.
FAT1,177,ARVSATDANI,HLA-C0701,0.3798165106553981,1.111657608695495,153.55342241672793,0.986046511627907,0.9906976744186047,0.987906976744186,strong presentation + strong affinity,High Priority,Heuristic high-priority candidate: strong presentation + strong affinity.
DPF2,200,ARKKLDACI,HLA-C0701,0.3698611554940507,1.1393749999998448,151.75700980926743,0.9844961240310077,0.9922480620155039,0.9875968992248062,strong presentation + strong affinity,High Priority,Heuristic high-priority candidate: strong presentation + strong affinity.
PSMD9,164,FGFVNTQNF,HLA-C0701,0.3408829231528841,1.2269293478259584,298.05202734097855,0.9829457364341085,0.986046511627907,0.984186046511628,strong presentation + strong affinity,High Priority,Heuristic high-priority candidate: strong presentation + strong affinity.
C9orf43,77,CTFIKAHSL,HLA-C0701,0.3048696678948174,1.3493206521738443,494.8893060422502,0.9813953488372092,0.9829457364341085,0.982015503875969,strong presentation + strong affinity,High Priority,Heuristic high-priority candidate: strong presentation + strong affinity.
RAD23B,354,GRGHMNYIQV,HLA-C0701,0.29899653813548976,1.369456521739039,377.0292238348534,0.9798449612403101,0.9844961240310077,0.9817054263565892,strong presentation + strong affinity,High Priority,Heuristic high-priority candidate: strong presentation + strong affinity.
SPTBN4,1832,TRAQLLATSR,HLA-C0701,0.27266057811785693,1.4691847826085933,560.9566603915132,0.9782945736434109,0.9813953488372092,0.9795348837209302,strong presentation + strong affinity,High Priority,Heuristic high-priority candidate: strong presentation + strong affinity.
NAV3,835,RTDNINSGY,HLA-C0701,0.4842933974145685,0.8561956521737955,1891.2766739114675,0.993798449612403,0.9550387596899225,0.9782945736434108,strong presentation + strong affinity,High Priority,Heuristic high-priority candidate: strong presentation + strong affinity.
NAV1,1815,LYHLSPPTV,HLA-C0701,0.23998207272255878,1.6177173913042395,664.8128226214626,0.9751937984496124,0.9782945736434109,0.9764341085271317,strong presentation + strong affinity,High Priority,Heuristic high-priority candidate: strong presentation + strong affinity.
VPS13C,1749,MKDLARKSF,HLA-C0701,0.23856469693352267,1.622608695652076,564.5641832677262,0.9736434108527132,0.9798449612403101,0.9761240310077519,strong presentation + strong affinity,High Priority,Heuristic high-priority candidate: strong presentation + strong affinity.
C9orf43,77,TFIKAHSLL,HLA-C0701,0.23313548241347262,1.6513043478259846,742.9230943570292,0.9720930232558139,0.9767441860465116,0.9739534883720931,strong presentation + strong affinity,High Priority,Heuristic high-priority candidate: strong presentation + strong affinity.
C9orf43,77,TFIKAHSL,HLA-C0701,0.2521834602210428,1.5613858695651146,1720.4768633201086,0.9767441860465116,0.9596899224806201,0.969922480620155,strong presentation + strong affinity,High Priority,Heuristic high-priority candidate: strong presentation + strong affinity.
CLEC4F,444,SHLKTLHVV,HLA-C0701,0.14095590462331933,2.3236413043477597,1084.3655648201225,0.9674418604651163,0.9720930232558139,0.9693023255813953,strong presentation + strong affinity,High Priority,Heuristic high-priority candidate: strong presentation + strong affinity.
VPS13C,1749,LARKSFRLL,HLA-C0701,0.13456389926549728,2.390326086956435,1040.3630489535215,0.9658914728682171,0.9736434108527132,0.9689922480620154,strong presentation + strong affinity,High Priority,Heuristic high-priority candidate: strong presentation + strong affinity.
C9orf43,77,HHLPECTFI,HLA-C0701,0.38031396446486015,1.111657608695495,2858.776499618097,0.9875968992248062,0.9395348837209302,0.9683720930232558,strong presentation + strong affinity,High Priority,Heuristic high-priority candidate: strong presentation + strong affinity.
CLEC4F,444,QEQSHLKTL,HLA-C0701,0.17461945568916926,2.012282608695557,1230.230389982772,0.9689922480620154,0.9674418604651163,0.9683720930232558,strong presentation + strong affinity,High Priority,Heuristic high-priority candidate: strong presentation + strong affinity.
SPTBN4,1832,TSRELHKFF,HLA-C0701,0.09944720953271043,2.9306793478260005,932.1442630289034,0.958139534883721,0.9751937984496124,0.9649612403100776,strong presentation + strong affinity,High Priority,Heuristic high-priority candidate: strong presentation + strong affinity.
DPF2,200,RKKLDACIL,HLA-C0701,0.13257588306271,2.4134510869564423,1398.424358817829,0.9627906976744186,0.9643410852713178,0.9634108527131784,strong presentation + strong affinity,High Priority,Heuristic high-priority candidate: strong presentation + strong affinity.
OR2H1,165,TPSTLHLAF,HLA-C0701,0.1880221309216376,1.9201630434781833,2357.81478967906,0.9705426356589147,0.9503875968992248,0.9624806201550388,strong presentation + strong affinity,High Priority,Heuristic high-priority candidate: strong presentation + strong affinity.
SPTBN4,1832,ATSRELHKF,HLA-C0701,0.12801436124277882,2.4772826086955604,1572.1014480177787,0.9612403100775194,0.9612403100775194,0.9612403100775195,strong presentation + strong affinity,High Priority,Heuristic high-priority candidate: strong presentation + strong affinity.
OR2H1,165,VQTPSTLHLAF,HLA-C0701,0.0994604825197666,2.9306793478260005,1485.6139198705168,0.9596899224806201,0.9627906976744186,0.9609302325581395,strong presentation + strong affinity,High Priority,Heuristic high-priority candidate: strong presentation + strong affinity.
FAT1,177,ANIGTNGEF,HLA-C0701,0.08886219235208227,3.1845108695651163,1189.1804974665001,0.9534883720930233,0.9705426356589147,0.9603100775193798,strong presentation + strong affinity,High Priority,Heuristic high-priority candidate: strong presentation + strong affinity.
FAT1,3599,GKVIAHKKL,HLA-C0701,0.134438846269422,2.390326086956435,2416.7491405291485,0.9643410852713178,0.9488372093023256,0.958139534883721,strong presentation + strong affinity,High Priority,Heuristic high-priority candidate: strong presentation + strong affinity.
VPS13C,1749,SMKDLARKSF,HLA-C0701,0.08257638287889456,3.358777173912955,1221.7510315819356,0.9472868217054263,0.9689922480620154,0.955968992248062,strong presentation + strong affinity,High Priority,Heuristic high-priority candidate: strong presentation + strong affinity.
USH1C,31,LYDVLQMY,HLA-C0701,0.09374912855103455,3.0595108695651447,1852.127325838524,0.9550387596899225,0.9565891472868217,0.955658914728682,strong presentation + strong affinity,High Priority,Heuristic high-priority candidate: strong presentation + strong affinity.
CLEC4F,444,IQQEQSHLKTL,HLA-C0701,0.0848893304917433,3.2967934782607813,1821.4917263786574,0.9488372093023256,0.958139534883721,0.9525581395348838,strong presentation + strong affinity,High Priority,Heuristic high-priority candidate: strong presentation + strong affinity.
RAD23B,354,RGHMNYIQV,HLA-C0701,0.08541508717172516,3.2661956521738205,2175.7171212310363,0.951937984496124,0.951937984496124,0.951937984496124,strong presentation + strong affinity,High Priority,Heuristic high-priority candidate: strong presentation + strong affinity.
RAD23B,354,GGSGGIAEAGR,HLA-C0701,0.0651303931133917,4.047907608695596,1358.8855230385286,0.9364341085271318,0.9658914728682171,0.948217054263566,strong presentation + strong affinity,High Priority,Heuristic high-priority candidate: strong presentation + strong affinity.
NAV1,1815,YHLSPPTV,HLA-C0701,0.07502511374203695,3.6391847826086234,2694.1010513732026,0.9457364341085271,0.9472868217054263,0.9463565891472868,strong presentation + strong affinity,High Priority,Heuristic high-priority candidate: strong presentation + strong affinity.
CLEC4F,444,IQQEQSHLK,HLA-C0701,0.07260314766980011,3.720108695652101,2821.9049424480027,0.9441860465116279,0.9441860465116279,0.9441860465116279,strong presentation + strong affinity,High Priority,Heuristic high-priority candidate: strong presentation + strong affinity.
PCDHA11,78,HGDLLEVDL,HLA-C0701,0.07233424752933128,3.720108695652101,2714.1005613748703,0.9426356589147287,0.9457364341085271,0.9438759689922481,strong presentation + strong affinity,High Priority,Heuristic high-priority candidate: strong presentation + strong affinity.
FAT1,177,ANIGTNGEFY,HLA-C0701,0.05798432521299792,4.519266304347795,2092.783887616777,0.931782945736434,0.9534883720930233,0.9404651162790698,strong presentation + strong affinity,High Priority,Heuristic high-priority candidate: strong presentation + strong affinity.
FAT1,177,ANIGTNGEFYY,HLA-C0701,0.07034952416229144,3.80744565217384,3326.67654027406,0.9395348837209302,0.9348837209302325,0.9376744186046511,strong presentation + strong affinity,High Priority,Heuristic high-priority candidate: strong presentation + strong affinity.
OR2H1,165,LAFCPHQQI,HLA-C0701,0.042318949475096804,5.913749999999965,2846.8663896763032,0.924031007751938,0.9426356589147287,0.9314728682170543,strong presentation + strong affinity,High Priority,Heuristic high-priority candidate: strong presentation + strong affinity.
PSMD9,164,VEFGFVNTQNF,HLA-C0701,0.06628687606415526,3.996902173913,5482.458272698305,0.937984496124031,0.9193798449612403,0.9305426356589147,strong presentation + strong affinity,High Priority,Heuristic high-priority candidate: strong presentation + strong affinity.
CLEC4F,444,QSHLKTLHV,HLA-C0701,0.06388736516039403,4.157119565217343,5348.384392446513,0.9333333333333333,0.9209302325581395,0.9283720930232557,strong presentation + strong affinity,High Priority,Heuristic high-priority candidate: strong presentation + strong affinity.
RAD23B,354,AEAGRGHMNY,HLA-C0701,0.04799495083425111,5.346684782608634,3798.8612650194345,0.9255813953488372,0.9286821705426357,0.9268217054263566,strong presentation + strong affinity,High Priority,Heuristic high-priority candidate: strong presentation + strong affinity.
ZSCAN30,471,ESSECRKTF,HLA-C0701,0.03505865977322579,6.962798913043457,2851.0891968746837,0.9131782945736434,0.9410852713178295,0.9243410852713179,strong presentation + strong affinity,High Priority,Heuristic high-priority candidate: strong presentation + strong affinity.
FAT1,3599,STGGKVIAH,HLA-C0701,0.07066187825965672,3.80744565217384,7136.574667046715,0.9410852713178295,0.896124031007752,0.9231007751937985,strong presentation + strong affinity,High Priority,Heuristic high-priority candidate: strong presentation + strong affinity.
CLEC4F,444,MEIQQEQSHLK,HLA-C0701,0.09727866124194792,2.970652173912967,8989.224386930046,0.9565891472868217,0.8682170542635659,0.9212403100775193,strong presentation + strong affinity,High Priority,Heuristic high-priority candidate: strong presentation + strong affinity.
SPTBN4,1832,TSRELHKF,HLA-C0701,0.03423360856035639,7.147065217391287,3007.5937444256692,0.9100775193798449,0.9364341085271318,0.9206201550387597,strong presentation + strong affinity,High Priority,Heuristic high-priority candidate: strong presentation + strong affinity.
SPTBN4,1832,TRAQLLATS,HLA-C0701,0.03409991906849124,7.147065217391287,2985.697699383666,0.9085271317829458,0.937984496124031,0.9203100775193799,strong presentation + strong affinity,High Priority,Heuristic high-priority candidate: strong presentation + strong affinity.
RAD23B,354,GRGHMNYI,HLA-C0701,0.034543972659040384,7.147065217391287,3343.175085334801,0.9116279069767442,0.9333333333333333,0.9203100775193798,strong presentation + strong affinity,High Priority,Heuristic high-priority candidate: strong presentation + strong affinity.
USH1C,31,YLYDVLQM,HLA-C0701,0.0482930240713778,5.2477717391304,6174.540273141691,0.9271317829457364,0.9069767441860465,0.9190697674418604,strong presentation + strong affinity,High Priority,Heuristic high-priority candidate: strong presentation + strong affinity.
USH1C,31,DYLYDVLQM,HLA-C0701,0.03732625349787739,6.63130434782606,5698.172191016475,0.9193798449612403,0.9162790697674419,0.9181395348837209,strong presentation + strong affinity,High Priority,Heuristic high-priority candidate: strong presentation + strong affinity.
RAD23B,354,AGRGHMNYI,HLA-C0701,0.03064693641043699,8.01565217391304,3576.0318225887318,0.9023255813953488,0.931782945736434,0.9141085271317829,strong presentation + strong affinity,High Priority,Heuristic high-priority candidate: strong presentation + strong affinity.
SPTBN4,1832,AQLLATSREL,HLA-C0701,0.03160851537193737,7.778097826086963,4924.513906008732,0.9054263565891473,0.9255813953488372,0.9134883720930232,strong presentation + strong affinity,High Priority,Heuristic high-priority candidate: strong presentation + strong affinity.
NAV3,835,SLRTDNINSGY,HLA-C0701,0.06444565568437019,4.102010869565163,8880.906490033398,0.9348837209302325,0.8728682170542635,0.9100775193798449,strong presentation + strong affinity,High Priority,Heuristic high-priority candidate: strong presentation + strong affinity.
PCDHA11,78,THGDLLEVDL,HLA-C0701,0.039849317061819975,6.327092391304319,7316.870404316369,0.9209302325581395,0.8930232558139535,0.9097674418604651,strong presentation + strong affinity,High Priority,Heuristic high-priority candidate: strong presentation + strong affinity.
FAT1,3599,VSSTGGKVI,HLA-C0701,0.027517775250304986,8.839293478260856,3701.9335735258214,0.896124031007752,0.9302325581395349,0.9097674418604651,strong presentation + strong affinity,High Priority,Heuristic high-priority candidate: strong presentation + strong affinity.
NAV1,1815,YHLSPPTVGPH,HLA-C0701,0.027690369845458425,8.839293478260856,6083.937681550922,0.8976744186046511,0.9085271317829458,0.902015503875969,strong presentation + strong affinity,High Priority,Heuristic high-priority candidate: strong presentation + strong affinity.
RAD23B,354,IAEAGRGHM,HLA-C0701,0.023376777569888325,10.231983695652161,4419.540478088517,0.8821705426356589,0.9271317829457364,0.9001550387596899,strong presentation + strong affinity,High Priority,Heuristic high-priority candidate: strong presentation + strong affinity.
CLEC4F,444,HLKTLHVVI,HLA-C0701,0.02613248294404194,9.15535326086956,5786.992507615167,0.8914728682170543,0.9116279069767442,0.8995348837209303,strong presentation + strong affinity,High Priority,Heuristic high-priority candidate: strong presentation + strong affinity.
NRXN1,526,SHGKPRPQK,HLA-C0701,0.024003856894165666,10.231983695652161,5642.462026103677,0.8868217054263566,0.9178294573643411,0.8992248062015504,strong presentation + strong affinity,High Priority,Heuristic high-priority candidate: strong presentation + strong affinity.
PSMD9,164,FVNTQNFQSL,HLA-C0701,0.02713583915239314,8.839293478260856,6651.1622389936165,0.8930232558139535,0.8992248062015504,0.8955038759689922,strong presentation + strong affinity,High Priority,Heuristic high-priority candidate: strong presentation + strong affinity.
NAV1,1815,LSPPTVGPHSI,HLA-C0701,0.02095844549598758,11.6303260869565,5086.4570109967335,0.875968992248062,0.9224806201550387,0.8945736434108527,strong presentation + strong affinity,High Priority,Heuristic high-priority candidate: strong presentation + strong affinity.
NAV1,1815,LSPPTVGPH,HLA-C0701,0.019924281280427253,12.187228260869546,4946.682352696525,0.8697674418604651,0.924031007751938,0.8914728682170543,strong presentation + strong affinity,High Priority,Heuristic high-priority candidate: strong presentation + strong affinity.
OR2H1,165,QTPSTLHLAF,HLA-C0701,0.02183654746050533,11.115788043478247,6242.54188215658,0.8790697674418605,0.9038759689922481,0.8889922480620156,strong presentation + strong affinity,High Priority,Heuristic high-priority candidate: strong presentation + strong affinity.
PCDHA11,78,LEVDLQNGILF,HLA-C0701,0.03149781638303118,7.778097826086963,9381.562510079812,0.9038759689922481,0.8651162790697674,0.8883720930232558,strong presentation + strong affinity,High Priority,Heuristic high-priority candidate: strong presentation + strong affinity.
NAV3,835,RTDNINSGYM,HLA-C0701,0.021665133501945315,11.115788043478247,8249.162386495387,0.8775193798449612,0.8790697674418605,0.8781395348837209,strong presentation + strong affinity,High Priority,Heuristic high-priority candidate: strong presentation + strong affinity.
USH1C,31,LQMYHQTM,HLA-C0701,0.019767537181003502,12.187228260869546,7327.716145351716,0.8682170542635659,0.8914728682170543,0.8775193798449612,strong presentation + strong affinity,High Priority,Heuristic high-priority candidate: strong presentation + strong affinity.
FAT1,177,NIGTNGEFY,HLA-C0701,0.01810725565620812,12.805461956521725,5813.630684415294,0.8496124031007752,0.9100775193798449,0.873798449612403,strong presentation + strong affinity,High Priority,Heuristic high-priority candidate: strong presentation + strong affinity.
FAT1,177,DANIGTNGEF,HLA-C0701,0.01922654672905838,12.187228260869546,7668.394114586422,0.8635658914728682,0.8868217054263566,0.8728682170542635,strong presentation + strong affinity,High Priority,Heuristic high-priority candidate: strong presentation + strong affinity.
OR2H1,165,AFCPHQQIDDF,HLA-C0701,0.018256850382252433,12.805461956521725,6175.261856754849,0.8511627906976744,0.9054263565891473,0.8728682170542635,strong presentation + strong affinity,High Priority,Heuristic high-priority candidate: strong presentation + strong affinity.
USH1C,31,VLQMYHQTM,HLA-C0701,0.017141573908103037,13.500896739130425,5745.069352683037,0.8434108527131783,0.9147286821705426,0.8719379844961239,strong presentation + strong affinity,High Priority,Heuristic high-priority candidate: strong presentation + strong affinity.
C9orf43,77,AHHLPECTFI,HLA-C0701,0.05760899957965447,4.519266304347795,15690.18533810779,0.9302325581395349,0.7829457364341085,0.8713178294573644,strong presentation + strong affinity,High Priority,Heuristic high-priority candidate: strong presentation + strong affinity.
VPS13C,1749,SSMKDLARKSF,HLA-C0701,0.020135350288249962,11.6303260869565,9371.14393788125,0.8744186046511628,0.8666666666666667,0.8713178294573644,strong presentation + strong affinity,High Priority,Heuristic high-priority candidate: strong presentation + strong affinity.
PSMD9,164,QVDDEIVEFGF,HLA-C0701,0.01831300905058782,12.805461956521725,7295.4677091133735,0.8542635658914729,0.8945736434108527,0.8703875968992247,strong presentation + strong affinity,High Priority,Heuristic high-priority candidate: strong presentation + strong affinity.
FAT1,177,ARVSATDANIG,HLA-C0701,0.016794207596791302,14.277038043478257,5781.822010745253,0.8403100775193798,0.9131782945736434,0.8694573643410852,strong presentation + strong affinity,High Priority,Heuristic high-priority candidate: strong presentation + strong affinity.
NAV1,1815,SPPTVGPHSI,HLA-C0701,0.01775642012864902,13.500896739130425,6620.126415649024,0.8465116279069768,0.9007751937984496,0.8682170542635659,strong presentation + strong affinity,High Priority,Heuristic high-priority candidate: strong presentation + strong affinity.
CLEC4F,444,IQQEQSHL,HLA-C0701,0.018728790170208415,12.805461956521725,8224.142665520805,0.8589147286821706,0.8806201550387597,0.8675968992248062,strong presentation + strong affinity,High Priority,Heuristic high-priority candidate: strong presentation + strong affinity.
NAV3,835,GKSLRTDNI,HLA-C0701,0.041396018183384,6.047907608695624,15703.26394813129,0.9224806201550387,0.7813953488372093,0.866046511627907,strong presentation + strong affinity,High Priority,Heuristic high-priority candidate: strong presentation + strong affinity.
RAD23B,354,EAGRGHMNY,HLA-C0701,0.01591550511347913,15.160951086956516,6491.080136876614,0.834108527131783,0.9023255813953488,0.8613953488372093,strong presentation + strong affinity,High Priority,Heuristic high-priority candidate: strong presentation + strong affinity.
USH1C,31,LYDVLQMYH,HLA-C0701,0.0168938269777913,14.277038043478257,7957.6432037920595,0.8418604651162791,0.8837209302325582,0.8586046511627907,strong presentation + strong affinity,High Priority,Heuristic high-priority candidate: strong presentation + strong affinity.
CLEC4F,444,MEIQQEQSHL,HLA-C0701,0.01929423552005622,12.187228260869546,11962.350485551919,0.8651162790697674,0.8356589147286821,0.8533333333333333,strong presentation + strong affinity,High Priority,Heuristic high-priority candidate: strong presentation + strong affinity.
PCDHA11,78,EVDLQNGILF,HLA-C0701,0.019055117793612342,12.187228260869546,11401.404891780398,0.8604651162790697,0.8403100775193798,0.8524031007751938,strong presentation + strong affinity,High Priority,Heuristic high-priority candidate: strong presentation + strong affinity.
PCDHA11,78,EVDLQNGIL,HLA-C0701,0.018661684751237993,12.805461956521725,11203.70359328731,0.8573643410852713,0.8434108527131783,0.8517829457364341,strong presentation + strong affinity,High Priority,Heuristic high-priority candidate: strong presentation + strong affinity.
PCDHA11,78,VDLQNGILF,HLA-C0701,0.014863970403104616,16.15755434782608,7109.723748190875,0.8155038759689922,0.8976744186046511,0.8483720930232558,strong presentation + strong affinity,High Priority,Heuristic high-priority candidate: strong presentation + strong affinity.
VPS13C,1749,KDLARKSF,HLA-C0701,0.02915298841800214,8.269211956521715,16499.883210108666,0.9007751937984496,0.7674418604651163,0.8474418604651164,strong presentation + strong affinity,High Priority,Heuristic high-priority candidate: strong presentation + strong affinity.
VPS13C,1749,DLARKSFRL,HLA-C0701,0.024087465994378318,9.849456521739114,16012.724223635738,0.8883720930232558,0.7767441860465116,0.8437209302325581,strong presentation + strong affinity,High Priority,Heuristic high-priority candidate: strong presentation + strong affinity.
RAD23B,354,GRGHMNYIQ,HLA-C0701,0.014453018001312608,16.15755434782608,7371.217091866454,0.8124031007751938,0.889922480620155,0.8434108527131783,strong presentation + strong affinity,High Priority,Heuristic high-priority candidate: strong presentation + strong affinity.
CLEC4F,444,QQEQSHLKTL,HLA-C0701,0.016607257384896334,14.277038043478257,10221.815845636014,0.8372093023255814,0.8511627906976744,0.8427906976744186,strong presentation + strong affinity,High Priority,Heuristic high-priority candidate: strong presentation + strong affinity.
VPS13C,1749,RKSFRLLM,HLA-C0701,0.014494550640194443,16.15755434782608,8254.555062752674,0.813953488372093,0.8775193798449612,0.8393798449612403,strong presentation + strong affinity,High Priority,Heuristic high-priority candidate: strong presentation + strong affinity.
NAV3,835,LRTDNINSG,HLA-C0701,0.014290682072654966,16.15755434782608,7859.101906107021,0.8077519379844961,0.8852713178294573,0.8387596899224806,strong presentation + strong affinity,High Priority,Heuristic high-priority candidate: strong presentation + strong affinity.
PCDHA11,78,DLQNGILFV,HLA-C0701,0.02340471058739996,10.231983695652161,16186.923816193443,0.8837209302325582,0.7705426356589147,0.8384496124031007,strong presentation + strong affinity,High Priority,Heuristic high-priority candidate: strong presentation + strong affinity.
SPTBN4,1832,RAQLLATSR,HLA-C0701,0.015753969750581184,15.160951086956516,11052.005928456381,0.8310077519379845,0.8465116279069768,0.8372093023255813,strong presentation + strong affinity,High Priority,Heuristic high-priority candidate: strong presentation + strong affinity.
C9orf43,77,FIKAHSLL,HLA-C0701,0.015293952516163252,15.160951086956516,9712.343058530323,0.8217054263565892,0.8604651162790697,0.8372093023255813,strong presentation + strong affinity,High Priority,Heuristic high-priority candidate: strong presentation + strong affinity.
ZSCAN30,471,GEKPYESSECR,HLA-C0701,0.018260856085724135,12.805461956521725,13972.924598855394,0.8527131782945736,0.8108527131782945,0.835968992248062,strong presentation + strong affinity,High Priority,Heuristic high-priority candidate: strong presentation + strong affinity.
FAT1,177,TDANIGTNGEF,HLA-C0701,0.013429662381145215,17.305597826086952,7664.567379021422,0.7984496124031008,0.8883720930232558,0.8344186046511628,strong presentation + strong affinity,High Priority,Heuristic high-priority candidate: strong presentation + strong affinity.
ZSCAN30,471,YESSECRKTF,HLA-C0701,0.01427028767849014,16.15755434782608,8459.738667681888,0.8062015503875969,0.8744186046511628,0.8334883720930233,strong presentation + strong affinity,High Priority,Heuristic high-priority candidate: strong presentation + strong affinity.
FAT1,177,DANIGTNGEFY,HLA-C0701,0.015370536633120317,15.160951086956516,11436.212723397815,0.8232558139534883,0.8387596899224806,0.8294573643410852,strong presentation + strong affinity,High Priority,Heuristic high-priority candidate: strong presentation + strong affinity.
USH1C,31,DYLYDVLQMY,HLA-C0701,0.015708453613332195,15.160951086956516,13130.795821768017,0.8294573643410853,0.8248062015503876,0.8275968992248062,strong presentation + strong affinity,High Priority,Heuristic high-priority candidate: strong presentation + strong affinity.
PCDHA11,78,KTHGDLLEVDL,HLA-C0701,0.025303707830508167,9.494239130434764,17651.104615249857,0.889922480620155,0.7333333333333333,0.8272868217054263,strong presentation + strong affinity,High Priority,Heuristic high-priority candidate: strong presentation + strong affinity.
C9orf43,77,HHLPECTFIKA,HLA-C0701,0.08519048673160902,3.2661956521738205,21571.885246512462,0.9503875968992248,0.6403100775193798,0.8263565891472868,strong presentation + moderate affinity,High Priority,Heuristic high-priority candidate: strong presentation + moderate affinity.
NAV1,1815,KLYHLSPPTV,HLA-C0701,0.016658838680788615,14.277038043478257,14292.901953007959,0.8387596899224806,0.8062015503875969,0.8257364341085272,strong presentation + strong affinity,High Priority,Heuristic high-priority candidate: strong presentation + strong affinity.
SPTBN4,1832,ATSRELHKFF,HLA-C0701,0.015156407768292782,15.160951086956516,12386.416825295384,0.8186046511627907,0.8325581395348837,0.8241860465116279,strong presentation + strong affinity,High Priority,Heuristic high-priority candidate: strong presentation + strong affinity.
OR2H1,165,AFCPHQQI,HLA-C0701,0.012972225074551499,18.61798913043478,8309.621832723895,0.7891472868217054,0.875968992248062,0.8238759689922481,strong presentation + strong affinity,High Priority,Heuristic high-priority candidate: strong presentation + strong affinity.
BIRC3,34,CELYRMCTY,HLA-C0701,0.013357740757186454,17.305597826086952,9461.39966309132,0.7953488372093023,0.8635658914728682,0.8226356589147287,strong presentation + strong affinity,High Priority,Heuristic high-priority candidate: strong presentation + strong affinity.
RAD23B,354,IAEAGRGHMNY,HLA-C0701,0.015549843530504088,15.160951086956516,13594.832779836994,0.8248062015503876,0.8170542635658915,0.8217054263565893,strong presentation + strong affinity,High Priority,Heuristic high-priority candidate: strong presentation + strong affinity.
FAT1,177,ARVSATDAN,HLA-C0701,0.011919774026358465,20.2322554347826,8172.21196286334,0.7813953488372093,0.8821705426356589,0.821705426356589,strong presentation + strong affinity,High Priority,Heuristic high-priority candidate: strong presentation + strong affinity.
DPF2,200,ARKKLDACILE,HLA-C0701,0.012915565946173662,18.61798913043478,8921.682230382417,0.7875968992248062,0.8697674418604651,0.8204651162790697,strong presentation + strong affinity,High Priority,Heuristic high-priority candidate: strong presentation + strong affinity.
BIRC3,34,RMCTYSTF,HLA-C0701,0.013023814535730066,17.305597826086952,9595.473660816238,0.7922480620155039,0.862015503875969,0.82015503875969,strong presentation + strong affinity,High Priority,Heuristic high-priority candidate: strong presentation + strong affinity.
PSMD9,164,VEFGFVNTQ,HLA-C0701,0.032630745780872904,7.558260869565203,19641.946123012392,0.9069767441860465,0.689922480620155,0.8201550387596899,strong presentation + strong affinity,High Priority,Heuristic high-priority candidate: strong presentation + strong affinity.
SPTBN4,1832,QLLATSREL,HLA-C0701,0.01304179993046787,17.305597826086952,10628.638297725793,0.7937984496124031,0.8480620155038759,0.8155038759689922,strong presentation + strong affinity,High Priority,Heuristic high-priority candidate: strong presentation + strong affinity.
C9orf43,77,HLPECTFI,HLA-C0701,0.01913760678333702,12.187228260869546,17336.43159506576,0.862015503875969,0.7426356589147287,0.8142635658914729,strong presentation + strong affinity,High Priority,Heuristic high-priority candidate: strong presentation + strong affinity.
C9orf43,77,HHLPECTFIK,HLA-C0701,0.013806631590843194,17.305597826086952,13020.485643957241,0.8015503875968992,0.827906976744186,0.8120930232558139,strong presentation + strong affinity,High Priority,Heuristic high-priority candidate: strong presentation + strong affinity.
NAV3,835,TDNINSGY,HLA-C0701,0.022883195532155513,10.655842391304333,19052.495297011737,0.8806201550387597,0.703875968992248,0.809922480620155,strong presentation + strong affinity,High Priority,Heuristic high-priority candidate: strong presentation + strong affinity.
VPS13C,1749,KDLARKSFR,HLA-C0701,0.020020390429698966,11.6303260869565,18469.445585966878,0.8728682170542635,0.7147286821705426,0.8096124031007752,strong presentation + strong affinity,High Priority,Heuristic high-priority candidate: strong presentation + strong affinity.
NAV1,1815,HLSPPTVGPH,HLA-C0701,0.011490627034435704,20.2322554347826,9954.397407570308,0.7767441860465116,0.8573643410852713,0.8089922480620155,strong presentation + strong affinity,High Priority,Heuristic high-priority candidate: strong presentation + strong affinity.
RAD23B,354,SGGIAEAGR,HLA-C0701,0.01098153302498053,22.19230978260869,8885.71721408903,0.7674418604651163,0.8713178294573644,0.8089922480620155,strong presentation + strong affinity,High Priority,Heuristic high-priority candidate: strong presentation + strong affinity.
PCDHA11,78,LEVDLQNGIL,HLA-C0701,0.015898209231229556,15.160951086956516,16156.22978875982,0.8325581395348837,0.772093023255814,0.8083720930232559,strong presentation + strong affinity,High Priority,Heuristic high-priority candidate: strong presentation + strong affinity.
NRXN1,526,RPQKDAKHPQM,HLA-C0701,0.014361721856982977,16.15755434782608,14485.44373430212,0.8093023255813954,0.8031007751937984,0.8068217054263567,strong presentation + strong affinity,High Priority,Heuristic high-priority candidate: strong presentation + strong affinity.
NAV1,1815,YHLSPPTVG,HLA-C0701,0.011647260458902605,20.2322554347826,10269.96268507277,0.7782945736434108,0.8496124031007752,0.8068217054263566,strong presentation + strong affinity,High Priority,Heuristic high-priority candidate: strong presentation + strong affinity.
RAD23B,354,AEAGRGHMNYI,HLA-C0701,0.0183540425667045,12.805461956521725,17688.35392334241,0.8558139534883721,0.7302325581395349,0.8055813953488372,strong presentation + strong affinity,High Priority,Heuristic high-priority candidate: strong presentation + strong affinity.
CLEC4F,444,EIQQEQSHL,HLA-C0701,0.011255076113381684,20.2322554347826,11182.503488082613,0.7705426356589147,0.8449612403100775,0.8003100775193799,strong presentation + strong affinity,High Priority,Heuristic high-priority candidate: strong presentation + strong affinity.
PSMD9,164,VDDEIVEFGF,HLA-C0701,0.010558650082354298,22.19230978260869,9770.667760536911,0.7612403100775194,0.8589147286821706,0.8003100775193799,strong presentation + strong affinity,High Priority,Heuristic high-priority candidate: strong presentation + strong affinity.
PSMD9,164,DEIVEFGF,HLA-C0701,0.04909562164471042,5.149211956521697,23025.11914737886,0.9286821705426357,0.6015503875968993,0.7978294573643412,strong presentation + moderate affinity,High Priority,Heuristic high-priority candidate: strong presentation + moderate affinity.
FAT1,3599,STGGKVIAHK,HLA-C0701,0.011316638629704261,20.2322554347826,13189.481422201497,0.7736434108527132,0.8232558139534883,0.7934883720930233,strong presentation + strong affinity,High Priority,Heuristic high-priority candidate: strong presentation + strong affinity.
PSMD9,164,GFVNTQNFQSL,HLA-C0701,0.011297371180483054,20.2322554347826,13208.426322856278,0.772093023255814,0.8217054263565892,0.7919379844961241,strong presentation + strong affinity,High Priority,Heuristic high-priority candidate: strong presentation + strong affinity.
FAT1,3599,FSVSSTGGKVI,HLA-C0701,0.01201611967564931,18.61798913043478,14533.607592663082,0.7844961240310078,0.8015503875968992,0.7913178294573644,strong presentation + strong affinity,High Priority,Heuristic high-priority candidate: strong presentation + strong affinity.
NRXN1,526,PQKDAKHPQM,HLA-C0701,0.010004483852882105,24.57923913043477,10008.807036422413,0.7472868217054264,0.8558139534883721,0.7906976744186047,strong presentation + strong affinity,Medium Priority,Heuristic medium-priority candidate: strong presentation + strong affinity.
CLEC4F,444,EIQQEQSHLK,HLA-C0701,0.012727516731834938,18.61798913043478,15040.569633401372,0.786046511627907,0.7906976744186046,0.787906976744186,strong presentation + strong affinity,High Priority,Heuristic high-priority candidate: strong presentation + strong affinity.
RAD23B,354,GSGGIAEAGR,HLA-C0701,0.009706349308917584,24.57923913043477,10145.896908827612,0.7426356589147287,0.8542635658914729,0.7872868217054264,strong presentation + strong affinity,Medium Priority,Heuristic medium-priority candidate: strong presentation + strong affinity.
RAD23B,354,SGGIAEAGRGH,HLA-C0701,0.009596654914277544,24.57923913043477,10203.99240879222,0.7395348837209302,0.8527131782945736,0.7848062015503876,strong presentation + strong affinity,Medium Priority,Heuristic medium-priority candidate: strong presentation + strong affinity.
C9orf43,77,HLPECTFIKA,HLA-C0701,0.02776394744527538,8.839293478260856,22737.16367047531,0.8992248062015504,0.6124031007751938,0.7844961240310078,strong presentation + moderate affinity,High Priority,Heuristic high-priority candidate: strong presentation + moderate affinity.
SPTBN4,1832,AQLLATSR,HLA-C0701,0.03588483193576196,6.962798913043457,23528.17790902073,0.9147286821705426,0.5875968992248062,0.783875968992248,strong presentation + moderate affinity,Medium Priority,Heuristic medium-priority candidate: strong presentation + moderate affinity.
PCDHA11,78,LEVDLQNGI,HLA-C0701,0.011959042667607092,20.2322554347826,15245.511756807966,0.7829457364341085,0.7844961240310078,0.7835658914728681,strong presentation + strong affinity,High Priority,Heuristic high-priority candidate: strong presentation + strong affinity.
FAT1,177,NIGTNGEFYY,HLA-C0701,0.010657545037438036,22.19230978260869,14039.029421687874,0.7643410852713178,0.8077519379844961,0.7817054263565891,strong presentation + strong affinity,High Priority,Heuristic high-priority candidate: strong presentation + strong affinity.
CLEC4F,444,EQSHLKTL,HLA-C0701,0.011114585995507279,20.2322554347826,14650.16821703617,0.7689922480620155,0.8,0.7813953488372094,strong presentation + strong affinity,High Priority,Heuristic high-priority candidate: strong presentation + strong affinity.
CLEC4F,444,SHLKTLHV,HLA-C0701,0.010082695984240442,22.19230978260869,13035.888915978,0.7488372093023256,0.8263565891472868,0.77984496124031,strong presentation + strong affinity,Medium Priority,Heuristic medium-priority candidate: strong presentation + strong affinity.
FAT1,3599,TGGKVIAHK,HLA-C0701,0.00959389852309644,24.57923913043477,11252.931116208138,0.737984496124031,0.8418604651162791,0.7795348837209304,strong presentation + strong affinity,Medium Priority,Heuristic medium-priority candidate: strong presentation + strong affinity.
VPS13C,1749,SSMKDLARK,HLA-C0701,0.010266192138134974,22.19230978260869,13647.294702881949,0.7550387596899225,0.8155038759689922,0.7792248062015503,strong presentation + strong affinity,High Priority,Heuristic high-priority candidate: strong presentation + strong affinity.
C9orf43,77,HLPECTFIK,HLA-C0701,0.009625068594640664,24.57923913043477,12034.373810935545,0.7410852713178294,0.834108527131783,0.7782945736434108,strong presentation + strong affinity,Medium Priority,Heuristic medium-priority candidate: strong presentation + strong affinity.
C9orf43,77,AHHLPECTFIK,HLA-C0701,0.013742491183044284,17.305597826086952,17311.632307549095,0.8,0.7441860465116279,0.7776744186046511,strong presentation + strong affinity,High Priority,Heuristic high-priority candidate: strong presentation + strong affinity.
FAT1,3599,SSTGGKVIAHK,HLA-C0701,0.011478727347225689,20.2322554347826,15913.91817251878,0.7751937984496124,0.7782945736434108,0.7764341085271318,strong presentation + strong affinity,High Priority,Heuristic high-priority candidate: strong presentation + strong affinity.
FAT1,3599,VSSTGGKVIAH,HLA-C0701,0.009970989108845314,24.57923913043477,13719.112646048481,0.7457364341085271,0.813953488372093,0.7730232558139535,strong presentation + strong affinity,Medium Priority,Heuristic medium-priority candidate: strong presentation + strong affinity.
SPTBN4,1832,LATSRELHKF,HLA-C0701,0.009315411306038772,24.57923913043477,13234.63809207194,0.7302325581395349,0.8201550387596899,0.766201550387597,strong presentation + strong affinity,Medium Priority,Heuristic medium-priority candidate: strong presentation + strong affinity.
PSMD9,164,EFGFVNTQNF,HLA-C0701,0.010146678257689778,22.19230978260869,15221.153976316611,0.751937984496124,0.786046511627907,0.7655813953488372,strong presentation + strong affinity,High Priority,Heuristic high-priority candidate: strong presentation + strong affinity.
CLEC4F,444,MEIQQEQSH,HLA-C0701,0.009298401718669946,24.57923913043477,13370.205946840264,0.7286821705426356,0.8186046511627907,0.7646511627906977,strong presentation + strong affinity,Medium Priority,Heuristic medium-priority candidate: strong presentation + strong affinity.
BIRC3,34,LYRMCTYSTF,HLA-C0701,0.008551183577205744,27.61739130434782,11815.993373541007,0.7162790697674418,0.8372093023255814,0.7646511627906977,strong presentation + strong affinity,Medium Priority,Heuristic medium-priority candidate: strong presentation + strong affinity.
NAV1,1815,YHLSPPTVGP,HLA-C0701,0.017804655787097872,13.500896739130425,21879.79474678053,0.8480620155038759,0.6387596899224807,0.7643410852713178,strong presentation + moderate affinity,High Priority,Heuristic high-priority candidate: strong presentation + moderate affinity.
VPS13C,1749,RAASSMKDLAR,HLA-C0701,0.009760930309244843,24.57923913043477,14991.446945256977,0.7441860465116279,0.7937984496124031,0.764031007751938,strong presentation + strong affinity,Medium Priority,Heuristic medium-priority candidate: strong presentation + strong affinity.
VPS13C,1749,ARKSFRLLMDI,HLA-C0701,0.008437542506700185,27.61739130434782,12675.470970044778,0.7147286821705426,0.8310077519379845,0.7612403100775194,strong presentation + strong affinity,Medium Priority,Heuristic medium-priority candidate: strong presentation + strong affinity.
SPTBN4,1832,LLATSREL,HLA-C0701,0.01422728903631196,16.15755434782608,19825.022054149256,0.8046511627906977,0.6852713178294574,0.7568992248062016,strong presentation + strong affinity,High Priority,Heuristic high-priority candidate: strong presentation + strong affinity.
ZSCAN30,471,SSECRKTF,HLA-C0701,0.00807987259199453,27.61739130434782,12876.474387456226,0.7085271317829457,0.8294573643410853,0.7568992248062015,strong presentation + strong affinity,Medium Priority,Heuristic medium-priority candidate: strong presentation + strong affinity.
OR2H1,165,QTPSTLHLA,HLA-C0701,0.01035944940880096,22.19230978260869,17031.60389830098,0.7565891472868217,0.7503875968992249,0.7541085271317829,strong presentation + strong affinity,High Priority,Heuristic high-priority candidate: strong presentation + strong affinity.
VPS13C,1749,LARKSFRL,HLA-C0701,0.01062093053450174,22.19230978260869,17388.492978868027,0.7627906976744186,0.737984496124031,0.7528682170542635,strong presentation + strong affinity,High Priority,Heuristic high-priority candidate: strong presentation + strong affinity.
FAT1,3599,SSTGGKVIAH,HLA-C0701,0.008907703834192638,27.61739130434782,14874.179669086454,0.724031007751938,0.7953488372093023,0.7525581395348837,strong presentation + strong affinity,Medium Priority,Heuristic medium-priority candidate: strong presentation + strong affinity.
FAT1,177,NIGTNGEF,HLA-C0701,0.00794053574528485,31.643179347826077,13957.137001576095,0.7069767441860465,0.8124031007751938,0.7491472868217055,strong presentation + strong affinity,Medium Priority,Heuristic medium-priority candidate: strong presentation + strong affinity.
OR2H1,165,PSTLHLAF,HLA-C0701,0.010087477641744506,22.19230978260869,17266.60509812814,0.7503875968992249,0.7457364341085271,0.7485271317829457,strong presentation + strong affinity,High Priority,Heuristic high-priority candidate: strong presentation + strong affinity.
PCDHA11,78,DLQNGILF,HLA-C0701,0.013993110857775659,17.305597826086952,20578.241142957697,0.8031007751937984,0.662015503875969,0.7466666666666666,strong presentation + moderate affinity,High Priority,Heuristic high-priority candidate: strong presentation + moderate affinity.
FAT1,3599,KVIAHKKL,HLA-C0701,0.008243823317839835,27.61739130434782,14674.439256639027,0.7116279069767442,0.7968992248062016,0.7457364341085271,strong presentation + strong affinity,Medium Priority,Heuristic medium-priority candidate: strong presentation + strong affinity.
CLEC4F,444,SHLKTLHVVI,HLA-C0701,0.009346819151164589,24.57923913043477,16747.93876643779,0.7333333333333333,0.7581395348837209,0.7432558139534884,strong presentation + strong affinity,Medium Priority,Heuristic medium-priority candidate: strong presentation + strong affinity.
VPS13C,1749,MKDLARKSFR,HLA-C0701,0.015702508618144605,15.160951086956516,22731.26186721025,0.827906976744186,0.6139534883720931,0.7423255813953489,strong presentation + moderate affinity,High Priority,Heuristic high-priority candidate: strong presentation + moderate affinity.
NRXN1,526,FSHGKPRPQ,HLA-C0701,0.0075213356770569674,31.643179347826077,14365.470154684335,0.7007751937984497,0.8046511627906977,0.7423255813953489,strong presentation + strong affinity,Medium Priority,Heuristic medium-priority candidate: strong presentation + strong affinity.
NAV3,835,TDNINSGYM,HLA-C0701,0.00738040057672933,31.643179347826077,13995.296735937243,0.6976744186046512,0.8093023255813954,0.7423255813953489,strong presentation + strong affinity,Medium Priority,Heuristic medium-priority candidate: strong presentation + strong affinity.
NAV1,1815,HLSPPTVGP,HLA-C0701,0.011661883530984959,20.2322554347826,19960.09999064675,0.7798449612403101,0.6821705426356589,0.7407751937984496,strong presentation + strong affinity,High Priority,Heuristic high-priority candidate: strong presentation + strong affinity.
VPS13C,1749,KDLARKSFRLL,HLA-C0701,0.015263465427515367,15.160951086956516,22593.95937087676,0.8201550387596899,0.6201550387596899,0.7401550387596898,strong presentation + moderate affinity,High Priority,Heuristic high-priority candidate: strong presentation + moderate affinity.
VPS13C,1749,KDLARKSFRL,HLA-C0701,0.01490886529324243,16.15755434782608,22669.952322999037,0.8170542635658915,0.6170542635658914,0.7370542635658914,strong presentation + moderate affinity,High Priority,Heuristic high-priority candidate: strong presentation + moderate affinity.
USH1C,31,QMYHQTMDV,HLA-C0701,0.008125624434280589,27.61739130434782,16250.145799892702,0.710077519379845,0.7689922480620155,0.7336434108527132,strong presentation + strong affinity,Medium Priority,Heuristic medium-priority candidate: strong presentation + strong affinity.
CLEC4F,444,EQSHLKTLH,HLA-C0701,0.008695713174933417,27.61739130434782,17488.93324072022,0.7193798449612403,0.7364341085271318,0.7262015503875969,strong presentation + strong affinity,Medium Priority,Heuristic medium-priority candidate: strong presentation + strong affinity.
SPTBN4,1832,TRAQLLAT,HLA-C0701,0.007132924086993108,31.643179347826077,15774.289388619001,0.689922480620155,0.7798449612403101,0.7258914728682171,strong presentation + strong affinity,Medium Priority,Heuristic medium-priority candidate: strong presentation + strong affinity.
DPF2,200,SARKKLDAC,HLA-C0701,0.006757036077137817,37.35904891304347,14655.131515122399,0.6744186046511628,0.7984496124031008,0.724031007751938,strong presentation + strong affinity,Medium Priority,Heuristic medium-priority candidate: strong presentation + strong affinity.
RAD23B,354,GRGHMNYIQVT,HLA-C0701,0.007099753142150472,31.643179347826077,16147.882961604097,0.6868217054263566,0.7736434108527132,0.7215503875968992,strong presentation + strong affinity,Medium Priority,Heuristic medium-priority candidate: strong presentation + strong affinity.
RAD23B,354,AGRGHMNY,HLA-C0701,0.006683985966456699,37.35904891304347,15158.601013841928,0.6713178294573643,0.7875968992248062,0.7178294573643411,strong presentation + strong affinity,Medium Priority,Heuristic medium-priority candidate: strong presentation + strong affinity.
NRXN1,526,HGKPRPQKDAK,HLA-C0701,0.006639561489429419,37.35904891304347,15000.84234557108,0.6682170542635659,0.7922480620155039,0.7178294573643411,moderate presentation + strong affinity,Medium Priority,Heuristic medium-priority candidate: moderate presentation + strong affinity.
FAT1,177,RVSATDANI,HLA-C0701,0.007098677894842431,31.643179347826077,16643.26845561715,0.6852713178294574,0.7643410852713178,0.7168992248062016,strong presentation + strong affinity,Medium Priority,Heuristic medium-priority candidate: strong presentation + strong affinity.
FAT1,3599,STGGKVIAHKK,HLA-C0701,0.007924797545982989,31.643179347826077,17665.077379502163,0.7054263565891473,0.7317829457364341,0.7159689922480621,strong presentation + strong affinity,Medium Priority,Heuristic medium-priority candidate: strong presentation + strong affinity.
DPF2,200,KKLDACILEDR,HLA-C0701,0.009499105521806253,24.57923913043477,19930.692360790363,0.7364341085271318,0.6837209302325581,0.7153488372093022,strong presentation + strong affinity,Medium Priority,Heuristic medium-priority candidate: strong presentation + strong affinity.
SPTBN4,1832,GTRAQLLATSR,HLA-C0701,0.01963003586031499,12.187228260869546,25470.789167191608,0.8666666666666667,0.4868217054263566,0.7147286821705426,strong presentation + moderate affinity,Medium Priority,Heuristic medium-priority candidate: strong presentation + moderate affinity.
RAD23B,354,GGIAEAGRGHM,HLA-C0701,0.00660887687718875,37.35904891304347,15124.125784437909,0.6651162790697674,0.7891472868217054,0.7147286821705426,moderate presentation + strong affinity,Medium Priority,Heuristic medium-priority candidate: moderate presentation + strong affinity.
FAT1,3599,TGGKVIAH,HLA-C0701,0.010225324241428753,22.19230978260869,20976.192522978377,0.7534883720930232,0.6527131782945736,0.7131782945736433,strong presentation + moderate affinity,High Priority,Heuristic high-priority candidate: strong presentation + moderate affinity.
VPS13C,1749,SMKDLARKSFR,HLA-C0701,0.015551416403754358,15.160951086956516,24646.931339255916,0.8263565891472868,0.537984496124031,0.7110077519379845,strong presentation + moderate affinity,Medium Priority,Heuristic medium-priority candidate: strong presentation + moderate affinity.
PSMD9,164,EIVEFGFVNTQ,HLA-C0701,0.03648954005847158,6.792608695652163,27079.98219019191,0.9178294573643411,0.39689922480620154,0.7094573643410853,strong presentation + moderate affinity,Low Priority,Heuristic low-priority candidate: strong presentation + moderate affinity.
VPS13C,1749,LARKSFRLLM,HLA-C0701,0.006777853990711959,37.35904891304347,16740.54192082946,0.6759689922480621,0.7596899224806202,0.7094573643410853,strong presentation + strong affinity,Medium Priority,Heuristic medium-priority candidate: strong presentation + strong affinity.
FAT1,3599,FSVSSTGGKV,HLA-C0701,0.006755359481789377,37.35904891304347,16667.335082638478,0.6728682170542636,0.7627906976744186,0.7088372093023256,strong presentation + strong affinity,Medium Priority,Heuristic medium-priority candidate: strong presentation + strong affinity.
ZSCAN30,471,KPYESSECR,HLA-C0701,0.007502642903104223,31.643179347826077,18270.498256910407,0.6992248062015504,0.7193798449612403,0.7072868217054263,strong presentation + strong affinity,Medium Priority,Heuristic medium-priority candidate: strong presentation + strong affinity.
C9orf43,77,CTFIKAHSLL,HLA-C0701,0.00656946979839477,37.35904891304347,16064.310777228673,0.6604651162790698,0.7751937984496124,0.7063565891472869,moderate presentation + strong affinity,Medium Priority,Heuristic medium-priority candidate: moderate presentation + strong affinity.
USH1C,31,YLYDVLQMYH,HLA-C0701,0.007116270729157396,31.643179347826077,18009.90764144314,0.6883720930232559,0.7255813953488373,0.7032558139534884,strong presentation + strong affinity,Medium Priority,Heuristic medium-priority candidate: strong presentation + strong affinity.
ZSCAN30,471,YESSECRKTFR,HLA-C0701,0.014417601192234682,16.15755434782608,24668.848202917816,0.8108527131782945,0.5364341085271318,0.7010852713178295,strong presentation + moderate affinity,Medium Priority,Heuristic medium-priority candidate: strong presentation + moderate affinity.
USH1C,31,AEKDYLYDVLQ,HLA-C0701,0.016227630214568182,14.277038043478257,25274.01798558283,0.8356589147286821,0.49612403100775193,0.69984496124031,strong presentation + moderate affinity,Medium Priority,Heuristic medium-priority candidate: strong presentation + moderate affinity.
PCDHA11,78,EVDLQNGILFV,HLA-C0701,0.017240113941437433,13.500896739130425,25620.29188427845,0.8449612403100775,0.4806201550387597,0.6992248062015504,strong presentation + moderate affinity,Medium Priority,Heuristic medium-priority candidate: strong presentation + moderate affinity.
FAT1,177,ATDANIGTNGE,HLA-C0701,0.006635714283669176,37.35904891304347,17166.751462447766,0.6666666666666666,0.7472868217054264,0.6989147286821705,moderate presentation + strong affinity,Medium Priority,Heuristic medium-priority candidate: moderate presentation + strong affinity.
USH1C,31,KDYLYDVLQMY,HLA-C0701,0.00933094806225499,24.57923913043477,21350.22428138137,0.7317829457364341,0.6449612403100775,0.6970542635658914,strong presentation + moderate affinity,Medium Priority,Heuristic medium-priority candidate: strong presentation + moderate affinity.
FAT1,3599,SSTGGKVIA,HLA-C0701,0.006345366054320557,37.35904891304347,16615.52444881757,0.6511627906976745,0.765891472868217,0.6970542635658914,moderate presentation + strong affinity,Medium Priority,Heuristic medium-priority candidate: moderate presentation + strong affinity.
PCDHA11,78,THGDLLEVDLQ,HLA-C0701,0.006572258750072063,37.35904891304347,17351.599157246863,0.662015503875969,0.7410852713178294,0.6936434108527132,moderate presentation + strong affinity,Medium Priority,Heuristic medium-priority candidate: moderate presentation + strong affinity.
VPS13C,1749,MKDLARKSFRL,HLA-C0701,0.008722328273926952,27.61739130434782,21134.526087938673,0.7209302325581395,0.6496124031007752,0.6924031007751938,strong presentation + moderate affinity,Medium Priority,Heuristic medium-priority candidate: strong presentation + moderate affinity.
RAD23B,354,GIAEAGRGHM,HLA-C0701,0.006258614607810474,37.35904891304347,16737.20611508353,0.6465116279069767,0.7612403100775194,0.6924031007751938,moderate presentation + strong affinity,Medium Priority,Heuristic medium-priority candidate: moderate presentation + strong affinity.
NRXN1,526,KPRPQKDAK,HLA-C0701,0.0062860231873520895,37.35904891304347,16844.728387910785,0.6496124031007752,0.7550387596899225,0.6917829457364342,moderate presentation + strong affinity,Medium Priority,Heuristic medium-priority candidate: moderate presentation + strong affinity.
FAT1,3599,VIAHKKLDI,HLA-C0701,0.006279532745457449,37.35904891304347,16900.112029587624,0.648062015503876,0.7534883720930232,0.6902325581395349,moderate presentation + strong affinity,Medium Priority,Heuristic medium-priority candidate: moderate presentation + strong affinity.
NRXN1,526,HGKPRPQK,HLA-C0701,0.006211015317472704,37.35904891304347,17161.856013844696,0.6449612403100775,0.7488372093023256,0.6865116279069767,moderate presentation + strong affinity,Medium Priority,Heuristic medium-priority candidate: moderate presentation + strong affinity.
SPTBN4,1832,RAQLLATSREL,HLA-C0701,0.006484717731698446,37.35904891304347,17823.99216852337,0.6573643410852713,0.7271317829457364,0.6852713178294574,moderate presentation + strong affinity,Medium Priority,Heuristic medium-priority candidate: moderate presentation + strong affinity.
FAT1,3599,SVSSTGGKV,HLA-C0701,0.006059400753551145,37.35904891304347,16822.135495062397,0.6356589147286822,0.7565891472868217,0.684031007751938,moderate presentation + strong affinity,Medium Priority,Heuristic medium-priority candidate: moderate presentation + strong affinity.
PSMD9,164,DDEIVEFGF,HLA-C0701,0.006350620821879124,37.35904891304347,18086.627703159516,0.6527131782945736,0.7209302325581395,0.6799999999999999,moderate presentation + strong affinity,Medium Priority,Heuristic medium-priority candidate: moderate presentation + strong affinity.
DPF2,200,KKLDACIL,HLA-C0701,0.0070143859068298045,31.643179347826077,20222.68460993311,0.6821705426356589,0.6759689922480621,0.6796899224806201,strong presentation + strong affinity,Medium Priority,Heuristic medium-priority candidate: strong presentation + strong affinity.
VPS13C,1749,DLARKSFR,HLA-C0701,0.02379456805051182,10.231983695652161,27492.733475541416,0.8852713178294573,0.3674418604651163,0.6781395348837209,strong presentation + moderate affinity,Low Priority,Heuristic low-priority candidate: strong presentation + moderate affinity.
ZSCAN30,471,KPYESSECRK,HLA-C0701,0.006656755822212119,37.35904891304347,19782.56752162272,0.6697674418604651,0.6868217054263566,0.6765891472868217,moderate presentation + strong affinity,Medium Priority,Heuristic medium-priority candidate: moderate presentation + strong affinity.
PCDHA11,78,HGDLLEVDLQN,HLA-C0701,0.005966796646336974,46.224673913043475,17011.3939711282,0.6248062015503876,0.751937984496124,0.6756589147286822,moderate presentation + strong affinity,Medium Priority,Heuristic medium-priority candidate: moderate presentation + strong affinity.
DPF2,200,LDACILEDR,HLA-C0701,0.005836552232131054,46.224673913043475,17363.198670871487,0.6155038759689923,0.7395348837209302,0.6651162790697674,moderate presentation + strong affinity,Medium Priority,Heuristic medium-priority candidate: moderate presentation + strong affinity.
VPS13C,1749,DLARKSFRLL,HLA-C0701,0.01053894733291402,22.19230978260869,24906.775979316313,0.7596899224806202,0.5193798449612403,0.6635658914728682,strong presentation + moderate affinity,Medium Priority,Heuristic medium-priority candidate: strong presentation + moderate affinity.
ZSCAN30,471,PYESSECRKTF,HLA-C0701,0.00597441849826327,46.224673913043475,18423.406610587546,0.6263565891472869,0.7162790697674418,0.6623255813953488,moderate presentation + strong affinity,Medium Priority,Heuristic medium-priority candidate: moderate presentation + strong affinity.
FAT1,3599,TGGKVIAHKKL,HLA-C0701,0.005947785516184851,46.224673913043475,18075.536673047165,0.6217054263565891,0.7224806201550388,0.662015503875969,moderate presentation + strong affinity,Medium Priority,Heuristic medium-priority candidate: moderate presentation + strong affinity.
DPF2,200,DACILEDRDK,HLA-C0701,0.0059620496384273185,46.224673913043475,18355.147328949086,0.6232558139534884,0.7178294573643411,0.6610852713178295,moderate presentation + strong affinity,Medium Priority,Heuristic medium-priority candidate: moderate presentation + strong affinity.
FAT1,3599,TGGKVIAHKK,HLA-C0701,0.0057484254501263795,46.224673913043475,17549.823464317476,0.6046511627906976,0.7348837209302326,0.6567441860465116,moderate presentation + strong affinity,Medium Priority,Heuristic medium-priority candidate: moderate presentation + strong affinity.
CLEC4F,444,QEQSHLKTLH,HLA-C0701,0.007264406738887895,31.643179347826077,23173.303966515323,0.6945736434108527,0.6,0.6567441860465115,strong presentation + moderate affinity,Medium Priority,Heuristic medium-priority candidate: strong presentation + moderate affinity.
OR2H1,165,VQTPSTLHLA,HLA-C0701,0.008299565776339193,27.61739130434782,23927.184459634937,0.7131782945736435,0.5689922480620155,0.6555038759689923,strong presentation + moderate affinity,Medium Priority,Heuristic medium-priority candidate: strong presentation + moderate affinity.
USH1C,31,KDYLYDVLQM,HLA-C0701,0.0060687459328564244,37.35904891304347,19961.606606748283,0.6372093023255814,0.6806201550387597,0.6545736434108527,moderate presentation + strong affinity,Medium Priority,Heuristic medium-priority candidate: moderate presentation + strong affinity.
PSMD9,164,DEIVEFGFV,HLA-C0701,0.009131803615595928,24.57923913043477,24569.355996162205,0.7271317829457364,0.5426356589147286,0.6533333333333333,strong presentation + moderate affinity,Medium Priority,Heuristic medium-priority candidate: strong presentation + moderate affinity.
NAV1,1815,SPPTVGPHS,HLA-C0701,0.005719194764874423,46.224673913043475,17730.290170676402,0.6015503875968993,0.7286821705426356,0.6524031007751938,moderate presentation + strong affinity,Medium Priority,Heuristic medium-priority candidate: moderate presentation + strong affinity.
C9orf43,77,HLPECTFIKAH,HLA-C0701,0.009406582585030476,24.57923913043477,24897.588960486835,0.7348837209302326,0.5224806201550387,0.649922480620155,strong presentation + moderate affinity,Medium Priority,Heuristic medium-priority candidate: strong presentation + moderate affinity.
NRXN1,526,FSHGKPRPQK,HLA-C0701,0.006572776271020821,37.35904891304347,22375.711806158706,0.6635658914728683,0.6263565891472869,0.6486821705426358,moderate presentation + moderate affinity,Medium Priority,Heuristic medium-priority candidate: moderate presentation + moderate affinity.
DPF2,200,KLDACILEDR,HLA-C0701,0.0061032380816571224,37.35904891304347,20744.282768770903,0.6403100775193798,0.6589147286821705,0.647751937984496,moderate presentation + moderate affinity,Medium Priority,Heuristic medium-priority candidate: moderate presentation + moderate affinity.
VPS13C,1749,ASSMKDLAR,HLA-C0701,0.0056843610825070634,46.224673913043475,18031.760760974557,0.5968992248062015,0.724031007751938,0.647751937984496,moderate presentation + strong affinity,Medium Priority,Heuristic medium-priority candidate: moderate presentation + strong affinity.
NAV1,1815,SKLYHLSPP,HLA-C0701,0.01048352918596676,22.19230978260869,25670.086103623413,0.7581395348837209,0.47751937984496123,0.645891472868217,strong presentation + moderate affinity,Medium Priority,Heuristic medium-priority candidate: strong presentation + moderate affinity.
C9orf43,77,AAHHLPECTFI,HLA-C0701,0.008877232468984687,27.61739130434782,24811.67873255116,0.7224806201550388,0.5271317829457365,0.6443410852713178,strong presentation + moderate affinity,Medium Priority,Heuristic medium-priority candidate: strong presentation + moderate affinity.
ZSCAN30,471,ESSECRKTFR,HLA-C0701,0.007229555732969585,31.643179347826077,23862.93923348331,0.6914728682170542,0.5705426356589147,0.6431007751937984,strong presentation + moderate affinity,Medium Priority,Heuristic medium-priority candidate: strong presentation + moderate affinity.
BIRC3,34,ELYRMCTY,HLA-C0701,0.007736171173783012,31.643179347826077,24445.479397881587,0.7023255813953488,0.5519379844961241,0.642170542635659,strong presentation + moderate affinity,Medium Priority,Heuristic medium-priority candidate: strong presentation + moderate affinity.
SPTBN4,1832,TRAQLLATSRE,HLA-C0701,0.00566237747686678,46.224673913043475,18633.86470865552,0.5937984496124031,0.7131782945736435,0.6415503875968993,moderate presentation + strong affinity,Medium Priority,Heuristic medium-priority candidate: moderate presentation + strong affinity.
NAV1,1815,SPPTVGPHSIA,HLA-C0701,0.0056726753834400855,46.224673913043475,18841.20570546832,0.5953488372093023,0.7085271317829457,0.6406201550387597,moderate presentation + strong affinity,Medium Priority,Heuristic medium-priority candidate: moderate presentation + strong affinity.
PSMD9,164,EIVEFGFVNT,HLA-C0701,0.03644110594858372,6.792608695652163,29173.168448921544,0.9162790697674419,0.22635658914728682,0.6403100775193798,strong presentation + weak affinity,Low Priority,Heuristic low-priority candidate: strong presentation + weak affinity.
PSMD9,164,DEIVEFGFVNT,HLA-C0701,0.019972523150880307,12.187228260869546,28514.68492145045,0.8713178294573644,0.289922480620155,0.6387596899224806,strong presentation + weak affinity,Low Priority,Heuristic low-priority candidate: strong presentation + weak affinity.
PSMD9,164,GFVNTQNF,HLA-C0701,0.005693396556308015,46.224673913043475,19435.18187079567,0.6,0.6914728682170542,0.6365891472868217,moderate presentation + strong affinity,Medium Priority,Heuristic medium-priority candidate: moderate presentation + strong affinity.
NRXN1,526,PQKDAKHPQMI,HLA-C0701,0.005784599714105956,46.224673913043475,20292.183812690957,0.6093023255813953,0.6744186046511628,0.6353488372093024,moderate presentation + strong affinity,Medium Priority,Heuristic medium-priority candidate: moderate presentation + strong affinity.
CLEC4F,444,QQEQSHLK,HLA-C0701,0.006041056807079274,37.35904891304347,22142.57008075509,0.6341085271317829,0.6325581395348837,0.6334883720930232,moderate presentation + moderate affinity,Medium Priority,Heuristic medium-priority candidate: moderate presentation + moderate affinity.
NRXN1,526,GKPRPQKDAK,HLA-C0701,0.0055888441150506295,46.224673913043475,18924.933623663826,0.5844961240310077,0.7069767441860465,0.6334883720930232,moderate presentation + strong affinity,Medium Priority,Heuristic medium-priority candidate: moderate presentation + strong affinity.
CLEC4F,444,QQEQSHLKTLH,HLA-C0701,0.007089094673553793,31.643179347826077,24390.86531862766,0.6837209302325581,0.5550387596899224,0.6322480620155039,strong presentation + moderate affinity,Medium Priority,Heuristic medium-priority candidate: strong presentation + moderate affinity.
FAT1,3599,SVSSTGGKVIA,HLA-C0701,0.0068092213885621485,37.35904891304347,24224.367464990086,0.6790697674418604,0.5596899224806201,0.6313178294573643,strong presentation + moderate affinity,Medium Priority,Heuristic medium-priority candidate: strong presentation + moderate affinity.
OR2H1,165,IVQTPSTLHLA,HLA-C0701,0.02723800800675633,8.839293478260856,29093.47996787488,0.8945736434108527,0.23410852713178296,0.6303875968992247,strong presentation + weak affinity,Low Priority,Heuristic low-priority candidate: strong presentation + weak affinity.
CLEC4F,444,EQSHLKTLHV,HLA-C0701,0.007311304491982309,31.643179347826077,24970.383460544257,0.6961240310077519,0.5162790697674419,0.6241860465116278,strong presentation + moderate affinity,Medium Priority,Heuristic medium-priority candidate: strong presentation + moderate affinity.
SPTBN4,1832,LATSRELHK,HLA-C0701,0.005451051780946505,46.224673913043475,19154.437032949692,0.5751937984496124,0.6961240310077519,0.6235658914728682,moderate presentation + strong affinity,Medium Priority,Heuristic medium-priority candidate: moderate presentation + strong affinity.
VPS13C,1749,AASSMKDLARK,HLA-C0701,0.00564951711917495,46.224673913043475,20007.39419989244,0.5875968992248062,0.6775193798449612,0.6235658914728681,moderate presentation + strong affinity,Medium Priority,Heuristic medium-priority candidate: moderate presentation + strong affinity.
C9orf43,77,LPECTFIKA,HLA-C0701,0.013427052128971443,17.305597826086952,27575.72286763946,0.7968992248062016,0.3627906976744186,0.6232558139534884,strong presentation + moderate affinity,Low Priority,Heuristic low-priority candidate: strong presentation + moderate affinity.
RAD23B,354,GIAEAGRGH,HLA-C0701,0.0054232555342314265,46.224673913043475,19110.13459537199,0.5720930232558139,0.6992248062015504,0.6229457364341084,moderate presentation + strong affinity,Medium Priority,Heuristic medium-priority candidate: moderate presentation + strong affinity.
NAV3,835,RTDNINSGYMT,HLA-C0701,0.009071851939203542,24.57923913043477,25868.621018299687,0.7255813953488373,0.4635658914728682,0.6207751937984496,strong presentation + moderate affinity,Medium Priority,Heuristic medium-priority candidate: strong presentation + moderate affinity.
NRXN1,526,PRPQKDAKH,HLA-C0701,0.0053493954368511,46.224673913043475,18728.49980536737,0.5596899224806201,0.7116279069767442,0.6204651162790698,moderate presentation + strong affinity,Medium Priority,Heuristic medium-priority candidate: moderate presentation + strong affinity.
PCDHA11,78,HGDLLEVDLQ,HLA-C0701,0.005416292349516417,46.224673913043475,19166.252180566764,0.5689922480620155,0.6945736434108527,0.6192248062015504,moderate presentation + strong affinity,Medium Priority,Heuristic medium-priority candidate: moderate presentation + strong affinity.
NRXN1,526,SHGKPRPQ,HLA-C0701,0.005392206013216618,46.224673913043475,19146.20082985743,0.5643410852713179,0.6976744186046512,0.6176744186046512,moderate presentation + strong affinity,Medium Priority,Heuristic medium-priority candidate: moderate presentation + strong affinity.
FAT1,3599,GGKVIAHKK,HLA-C0701,0.005338029846408102,46.224673913043475,19031.61018997481,0.5581395348837209,0.7054263565891473,0.6170542635658915,moderate presentation + strong affinity,Medium Priority,Heuristic medium-priority candidate: moderate presentation + strong affinity.
RAD23B,354,GGIAEAGRGH,HLA-C0701,0.005328421350721546,46.224673913043475,18791.07615424516,0.5550387596899224,0.710077519379845,0.6170542635658915,moderate presentation + strong affinity,Medium Priority,Heuristic medium-priority candidate: moderate presentation + strong affinity.
CLEC4F,444,HLKTLHVV,HLA-C0701,0.005651833524836795,46.224673913043475,21037.00371831215,0.5891472868217055,0.6511627906976745,0.6139534883720931,moderate presentation + moderate affinity,Medium Priority,Heuristic medium-priority candidate: moderate presentation + moderate affinity.
VPS13C,1749,AASSMKDLAR,HLA-C0701,0.005364999377737648,46.224673913043475,19424.249959019027,0.5612403100775194,0.6930232558139535,0.6139534883720931,moderate presentation + strong affinity,Medium Priority,Heuristic medium-priority candidate: moderate presentation + strong affinity.
BIRC3,34,LSCELYRMCTY,HLA-C0701,0.0058027563963578745,46.224673913043475,22699.548183554347,0.6124031007751938,0.6155038759689923,0.6136434108527131,moderate presentation + moderate affinity,Medium Priority,Heuristic medium-priority candidate: moderate presentation + moderate affinity.
FAT1,3599,SVSSTGGKVI,HLA-C0701,0.0055072049448795434,46.224673913043475,20686.348607687854,0.5813953488372093,0.6604651162790698,0.6130232558139534,moderate presentation + moderate affinity,Medium Priority,Heuristic medium-priority candidate: moderate presentation + moderate affinity.
BIRC3,34,LSCELYRMC,HLA-C0701,0.005276873511621886,46.224673913043475,19096.33636478158,0.5488372093023256,0.7007751937984497,0.6096124031007752,moderate presentation + strong affinity,Medium Priority,Heuristic medium-priority candidate: moderate presentation + strong affinity.
DPF2,200,DACILEDR,HLA-C0701,0.006002882696287458,46.224673913043475,23787.577202253666,0.627906976744186,0.57984496124031,0.6086821705426356,moderate presentation + moderate affinity,Medium Priority,Heuristic medium-priority candidate: moderate presentation + moderate affinity.
FAT1,3599,GKVIAHKK,HLA-C0701,0.00607893323328363,37.35904891304347,24106.587186690445,0.6387596899224807,0.5627906976744186,0.6083720930232559,moderate presentation + moderate affinity,Medium Priority,Heuristic medium-priority candidate: moderate presentation + moderate affinity.
OR2H1,165,HLAFCPHQQI,HLA-C0701,0.005880205026876212,46.224673913043475,23381.073003461202,0.6186046511627907,0.5922480620155038,0.608062015503876,moderate presentation + moderate affinity,Medium Priority,Heuristic medium-priority candidate: moderate presentation + moderate affinity.
DPF2,200,ARKKLDAC,HLA-C0701,0.005242967583946457,46.224673913043475,19076.114416565906,0.5426356589147286,0.7023255813953488,0.6065116279069767,moderate presentation + strong affinity,Medium Priority,Heuristic medium-priority candidate: moderate presentation + strong affinity.
PCDHA11,78,THGDLLEVD,HLA-C0701,0.005478996128936166,46.224673913043475,21513.354466783734,0.5767441860465117,0.641860465116279,0.6027906976744186,moderate presentation + moderate affinity,Medium Priority,Heuristic medium-priority candidate: moderate presentation + moderate affinity.
FAT1,177,SATDANIGTNG,HLA-C0701,0.00528770918006964,46.224673913043475,20453.100463587092,0.5534883720930233,0.6682170542635659,0.5993798449612404,moderate presentation + moderate affinity,Medium Priority,Heuristic medium-priority candidate: moderate presentation + moderate affinity.
DPF2,200,SARKKLDACIL,HLA-C0701,0.005220039128755275,46.224673913043475,19770.92038562345,0.5395348837209303,0.6883720930232559,0.5990697674418606,moderate presentation + strong affinity,Medium Priority,Heuristic medium-priority candidate: moderate presentation + strong affinity.
FAT1,177,ATDANIGTNG,HLA-C0701,0.005814943139890664,46.224673913043475,23814.945526838103,0.6139534883720931,0.5751937984496124,0.5984496124031008,moderate presentation + moderate affinity,Medium Priority,Heuristic medium-priority candidate: moderate presentation + moderate affinity.
DPF2,200,KKLDACILE,HLA-C0701,0.005653955137372927,46.224673913043475,23238.25620011774,0.5906976744186047,0.5984496124031008,0.5937984496124031,moderate presentation + moderate affinity,Medium Priority,Heuristic medium-priority candidate: moderate presentation + moderate affinity.
DPF2,200,CILEDRDKPY,HLA-C0701,0.005238522265860289,46.224673913043475,20308.792037153005,0.5410852713178295,0.6728682170542636,0.5937984496124031,moderate presentation + strong affinity,Medium Priority,Heuristic medium-priority candidate: moderate presentation + strong affinity.
NAV1,1815,SKLYHLSPPTV,HLA-C0701,0.007905719305253519,31.643179347826077,26524.440194058487,0.703875968992248,0.42790697674418604,0.5934883720930233,strong presentation + moderate affinity,Medium Priority,Heuristic medium-priority candidate: strong presentation + moderate affinity.
PCDHA11,78,LLEVDLQNGIL,HLA-C0701,0.006019077198268996,37.35904891304347,24698.136745864853,0.6310077519379845,0.5317829457364341,0.5913178294573643,moderate presentation + moderate affinity,Medium Priority,Heuristic medium-priority candidate: moderate presentation + moderate affinity.
SPTBN4,1832,LLATSRELHKF,HLA-C0701,0.005855260578609511,46.224673913043475,24483.97418064269,0.6170542635658914,0.5503875968992248,0.5903875968992248,moderate presentation + moderate affinity,Medium Priority,Heuristic medium-priority candidate: moderate presentation + moderate affinity.
BIRC3,34,YRMCTYST,HLA-C0701,0.005028722167856514,46.224673913043475,19995.096550811497,0.5271317829457365,0.6790697674418604,0.587906976744186,moderate presentation + strong affinity,Medium Priority,Heuristic medium-priority candidate: moderate presentation + strong affinity.
FAT1,3599,SSTGGKVI,HLA-C0701,0.0052810607429278865,46.224673913043475,22178.440870653434,0.5503875968992248,0.6310077519379845,0.5826356589147287,moderate presentation + moderate affinity,Medium Priority,Heuristic medium-priority candidate: moderate presentation + moderate affinity.
CLEC4F,444,LTMEIQQEQSH,HLA-C0701,0.005262196312077319,46.224673913043475,22336.896711760834,0.5457364341085271,0.6294573643410852,0.5792248062015504,moderate presentation + moderate affinity,Medium Priority,Heuristic medium-priority candidate: moderate presentation + moderate affinity.
ZSCAN30,471,SSECRKTFR,HLA-C0701,0.005106332751234178,46.224673913043475,21339.756678473725,0.5333333333333333,0.6465116279069767,0.5786046511627907,moderate presentation + moderate affinity,Medium Priority,Heuristic medium-priority candidate: moderate presentation + moderate affinity.
FAT1,177,TDANIGTNGE,HLA-C0701,0.004961654923256725,62.74467391304348,20331.610479530704,0.517829457364341,0.6697674418604651,0.5786046511627907,moderate presentation + moderate affinity,Medium Priority,Heuristic medium-priority candidate: moderate presentation + moderate affinity.
FAT1,3599,VSSTGGKV,HLA-C0701,0.0049640024962728565,62.74467391304348,20572.69191989426,0.5209302325581395,0.6635658914728683,0.577984496124031,moderate presentation + moderate affinity,Medium Priority,Heuristic medium-priority candidate: moderate presentation + moderate affinity.
CLEC4F,444,QEQSHLKTLHV,HLA-C0701,0.008619820974982819,27.61739130434782,27564.803644776322,0.7178294573643411,0.3643410852713178,0.5764341085271318,strong presentation + moderate affinity,Low Priority,Heuristic low-priority candidate: strong presentation + moderate affinity.
DPF2,200,LDACILEDRDK,HLA-C0701,0.004930708086750737,62.74467391304348,20321.198253684754,0.5131782945736434,0.6713178294573643,0.5764341085271318,moderate presentation + strong affinity,Medium Priority,Heuristic medium-priority candidate: moderate presentation + strong affinity.
C9orf43,77,PECTFIKAH,HLA-C0701,0.0063949753059828725,37.35904891304347,25939.5848736161,0.6542635658914728,0.45891472868217054,0.5761240310077519,moderate presentation + moderate affinity,Medium Priority,Heuristic medium-priority candidate: moderate presentation + moderate affinity.
PSMD9,164,VEFGFVNT,HLA-C0701,0.010769198502412869,22.19230978260869,28528.07886651473,0.765891472868217,0.28527131782945736,0.5736434108527132,strong presentation + weak affinity,Low Priority,Heuristic low-priority candidate: strong presentation + weak affinity.
ZSCAN30,471,GEKPYESSE,HLA-C0701,0.0050777366926759125,46.224673913043475,21930.803343047726,0.5317829457364341,0.6356589147286822,0.5733333333333334,moderate presentation + moderate affinity,Medium Priority,Heuristic medium-priority candidate: moderate presentation + moderate affinity.
BIRC3,34,YRMCTYSTFPA,HLA-C0701,0.00490092773934193,62.74467391304348,20552.04791475886,0.5100775193798449,0.6651162790697674,0.5720930232558139,moderate presentation + moderate affinity,Medium Priority,Heuristic medium-priority candidate: moderate presentation + moderate affinity.
NRXN1,526,HGKPRPQKD,HLA-C0701,0.004887702001391662,62.74467391304348,20513.297397132574,0.5054263565891473,0.6666666666666666,0.569922480620155,moderate presentation + moderate affinity,Medium Priority,Heuristic medium-priority candidate: moderate presentation + moderate affinity.
RAD23B,354,RGHMNYIQVTP,HLA-C0701,0.013013109291582307,17.305597826086952,29126.38678913471,0.7906976744186046,0.2310077519379845,0.5668217054263566,strong presentation + weak affinity,Low Priority,Heuristic low-priority candidate: strong presentation + weak affinity.
NRXN1,526,GKPRPQKDAKH,HLA-C0701,0.004961774096870985,62.74467391304348,21889.89215253404,0.5193798449612403,0.6372093023255814,0.5665116279069767,moderate presentation + moderate affinity,Medium Priority,Heuristic medium-priority candidate: moderate presentation + moderate affinity.
CLEC4F,444,TMEIQQEQSHL,HLA-C0701,0.005049802434228384,46.224673913043475,22542.42806168669,0.5286821705426357,0.6217054263565891,0.565891472868217,moderate presentation + moderate affinity,Medium Priority,Heuristic medium-priority candidate: moderate presentation + moderate affinity.
ZSCAN30,471,HTGEKPYES,HLA-C0701,0.004884287390921108,62.74467391304348,20798.05962417223,0.5038759689922481,0.6573643410852713,0.5652713178294573,moderate presentation + moderate affinity,Medium Priority,Heuristic medium-priority candidate: moderate presentation + moderate affinity.
BIRC3,34,CTYSTFPAGV,HLA-C0701,0.004842661993988968,62.74467391304348,20938.922770345052,0.5007751937984496,0.6542635658914728,0.5621705426356589,moderate presentation + moderate affinity,Medium Priority,Heuristic medium-priority candidate: moderate presentation + moderate affinity.
DPF2,200,ACILEDRDK,HLA-C0701,0.004796724444962921,62.74467391304348,20850.235502486474,0.4992248062015504,0.6558139534883721,0.5618604651162791,moderate presentation + moderate affinity,Low Priority,Heuristic low-priority candidate: moderate presentation + moderate affinity.
SPTBN4,1832,AQLLATSRELH,HLA-C0701,0.005416970735607114,46.224673913043475,24525.8620857415,0.5705426356589147,0.5457364341085271,0.5606201550387597,moderate presentation + moderate affinity,Medium Priority,Heuristic medium-priority candidate: moderate presentation + moderate affinity.
DPF2,200,RKKLDACILE,HLA-C0701,0.006403375853208715,37.35904891304347,26722.561512045206,0.6558139534883721,0.4170542635658915,0.5603100775193799,moderate presentation + moderate affinity,Medium Priority,Heuristic medium-priority candidate: moderate presentation + moderate affinity.
NRXN1,526,KPRPQKDAKH,HLA-C0701,0.0049128711350588435,62.74467391304348,22361.473993683674,0.5116279069767442,0.627906976744186,0.558139534883721,moderate presentation + moderate affinity,Medium Priority,Heuristic medium-priority candidate: moderate presentation + moderate affinity.
PSMD9,164,VEFGFVNTQN,HLA-C0701,0.006032604801191322,37.35904891304347,26306.019769857987,0.6325581395348837,0.44031007751937984,0.5556589147286821,moderate presentation + moderate affinity,Medium Priority,Heuristic medium-priority candidate: moderate presentation + moderate affinity.
NAV1,1815,LSPPTVGPHS,HLA-C0701,0.0047569518783496,62.74467391304348,21181.84046526759,0.4930232558139535,0.648062015503876,0.5550387596899224,moderate presentation + moderate affinity,Low Priority,Heuristic low-priority candidate: moderate presentation + moderate affinity.
FAT1,177,ATDANIGTN,HLA-C0701,0.0048553531795782305,62.74467391304348,22392.421383668334,0.5023255813953489,0.6248062015503876,0.5513178294573644,moderate presentation + moderate affinity,Medium Priority,Heuristic medium-priority candidate: moderate presentation + moderate affinity.
PCDHA11,78,DLLEVDLQNGI,HLA-C0701,0.005499458851938242,46.224673913043475,25196.319031346604,0.57984496124031,0.5038759689922481,0.5494573643410853,moderate presentation + moderate affinity,Medium Priority,Heuristic medium-priority candidate: moderate presentation + moderate affinity.
FAT1,177,SATDANIGT,HLA-C0701,0.004732094737359777,62.74467391304348,21477.340192807438,0.4868217054263566,0.6434108527131783,0.5494573643410853,moderate presentation + moderate affinity,Low Priority,Heuristic low-priority candidate: moderate presentation + moderate affinity.
RAD23B,354,EAGRGHMNYI,HLA-C0701,0.005010140022171139,46.224673913043475,23594.63398847563,0.524031007751938,0.5844961240310077,0.5482170542635658,moderate presentation + moderate affinity,Medium Priority,Heuristic medium-priority candidate: moderate presentation + moderate affinity.
NAV3,835,KSLRTDNI,HLA-C0701,0.007259462238911536,31.643179347826077,28149.747428608203,0.6930232558139535,0.3271317829457364,0.5466666666666666,strong presentation + weak affinity,Low Priority,Heuristic low-priority candidate: strong presentation + weak affinity.
NAV1,1815,HLSPPTVGPHS,HLA-C0701,0.004729573418433697,62.74467391304348,22105.939513971698,0.48372093023255813,0.6341085271317829,0.5438759689922481,moderate presentation + moderate affinity,Low Priority,Heuristic low-priority candidate: moderate presentation + moderate affinity.
FAT1,3599,GGKVIAHKKL,HLA-C0701,0.004774315384370815,62.74467391304348,22905.770232819315,0.49767441860465117,0.6062015503875969,0.5410852713178295,moderate presentation + moderate affinity,Low Priority,Heuristic low-priority candidate: moderate presentation + moderate affinity.
USH1C,31,KDYLYDVLQ,HLA-C0701,0.005127557987251063,46.224673913043475,24519.9059479286,0.5364341085271318,0.5472868217054263,0.5407751937984496,moderate presentation + moderate affinity,Medium Priority,Heuristic medium-priority candidate: moderate presentation + moderate affinity.
C9orf43,77,PECTFIKAHSL,HLA-C0701,0.005752699921859733,46.224673913043475,26418.969215175246,0.6062015503875969,0.4310077519379845,0.536124031007752,moderate presentation + moderate affinity,Medium Priority,Heuristic medium-priority candidate: moderate presentation + moderate affinity.
ZSCAN30,471,GEKPYESSEC,HLA-C0701,0.004945219686177948,62.74467391304348,24328.61598817672,0.5147286821705427,0.5565891472868217,0.5314728682170543,moderate presentation + moderate affinity,Medium Priority,Heuristic medium-priority candidate: moderate presentation + moderate affinity.
PSMD9,164,VDDEIVEFGFV,HLA-C0701,0.0045607473295032775,62.74467391304348,22462.873374546096,0.4682170542635659,0.6232558139534884,0.5302325581395348,moderate presentation + moderate affinity,Low Priority,Heuristic low-priority candidate: moderate presentation + moderate affinity.
OR2H1,165,TLHLAFCPH,HLA-C0701,0.004721619691616664,62.74467391304348,23366.644064754073,0.4821705426356589,0.5953488372093023,0.5274418604651163,moderate presentation + moderate affinity,Low Priority,Heuristic low-priority candidate: moderate presentation + moderate affinity.
VPS13C,1749,ASSMKDLARK,HLA-C0701,0.004566434787110423,62.74467391304348,22859.001905269284,0.4728682170542636,0.6077519379844961,0.5268217054263566,moderate presentation + moderate affinity,Low Priority,Heuristic low-priority candidate: moderate presentation + moderate affinity.
NAV1,1815,SPPTVGPH,HLA-C0701,0.004550627339073067,62.74467391304348,22639.1610255203,0.4635658914728682,0.6186046511627907,0.5255813953488372,moderate presentation + moderate affinity,Low Priority,Heuristic low-priority candidate: moderate presentation + moderate affinity.
PCDHA11,78,VDLQNGILFV,HLA-C0701,0.00495009904031261,62.74467391304348,24784.597661705986,0.5162790697674419,0.5286821705426357,0.5212403100775194,moderate presentation + moderate affinity,Medium Priority,Heuristic medium-priority candidate: moderate presentation + moderate affinity.
FAT1,3599,VSSTGGKVIA,HLA-C0701,0.004740490707019001,62.74467391304348,23932.00969305919,0.4883720930232558,0.5674418604651162,0.52,moderate presentation + moderate affinity,Low Priority,Heuristic low-priority candidate: moderate presentation + moderate affinity.
NRXN1,526,GKPRPQKDA,HLA-C0701,0.004571222606998374,62.74467391304348,23581.364842010767,0.4744186046511628,0.586046511627907,0.5190697674418605,moderate presentation + moderate affinity,Low Priority,Heuristic low-priority candidate: moderate presentation + moderate affinity.
VPS13C,1749,ARKSFRLLMD,HLA-C0701,0.004543586800445009,62.74467391304348,22980.516149774703,0.462015503875969,0.6046511627906976,0.5190697674418605,moderate presentation + moderate affinity,Low Priority,Heuristic low-priority candidate: moderate presentation + moderate affinity.
RAD23B,354,GGIAEAGR,HLA-C0701,0.0044842324591828076,62.74467391304348,22770.008005248565,0.4542635658914729,0.6108527131782946,0.5168992248062015,moderate presentation + moderate affinity,Low Priority,Heuristic low-priority candidate: moderate presentation + moderate affinity.
USH1C,31,DVLQMYHQTM,HLA-C0701,0.005028632713946662,46.224673913043475,25259.746455187527,0.5255813953488372,0.5007751937984496,0.5156589147286821,moderate presentation + moderate affinity,Medium Priority,Heuristic medium-priority candidate: moderate presentation + moderate affinity.
PCDHA11,78,VDLQNGIL,HLA-C0701,0.0047302329399997135,62.74467391304348,24311.643744450597,0.48527131782945737,0.5581395348837209,0.5144186046511627,moderate presentation + moderate affinity,Low Priority,Heuristic low-priority candidate: moderate presentation + moderate affinity.
VPS13C,1749,RKSFRLLMDI,HLA-C0701,0.0045641381515115305,62.74467391304348,23793.721036581686,0.47131782945736433,0.5782945736434109,0.5141085271317829,moderate presentation + moderate affinity,Low Priority,Heuristic low-priority candidate: moderate presentation + moderate affinity.
NRXN1,526,ILFSHGKPRPQ,HLA-C0701,0.005778251929261528,46.224673913043475,27487.40049325421,0.6077519379844961,0.3689922480620155,0.5122480620155039,moderate presentation + moderate affinity,Low Priority,Heuristic low-priority candidate: moderate presentation + moderate affinity.
CLEC4F,444,EQSHLKTLHVV,HLA-C0701,0.005738052360142697,46.224673913043475,27426.975049949702,0.6031007751937985,0.3751937984496124,0.511937984496124,moderate presentation + moderate affinity,Low Priority,Heuristic low-priority candidate: moderate presentation + moderate affinity.
CLEC4F,444,TMEIQQEQSH,HLA-C0701,0.004444814414018057,62.74467391304348,22992.41273825421,0.4511627906976744,0.6031007751937985,0.511937984496124,moderate presentation + moderate affinity,Low Priority,Heuristic low-priority candidate: moderate presentation + moderate affinity.
ZSCAN30,471,TGEKPYESSEC,HLA-C0701,0.004427419505877773,62.74467391304348,22853.37383498997,0.44651162790697674,0.6093023255813953,0.5116279069767442,moderate presentation + moderate affinity,Low Priority,Heuristic low-priority candidate: moderate presentation + moderate affinity.
SPTBN4,1832,LATSRELHKFF,HLA-C0701,0.004760024702203247,62.74467391304348,24753.479051422317,0.4945736434108527,0.5302325581395348,0.5088372093023256,moderate presentation + moderate affinity,Low Priority,Heuristic low-priority candidate: moderate presentation + moderate affinity.
PSMD9,164,EFGFVNTQ,HLA-C0701,0.006541052543749678,37.35904891304347,28710.967975398602,0.6589147286821705,0.27596899224806204,0.5057364341085271,moderate presentation + weak affinity,Low Priority,Heuristic low-priority candidate: moderate presentation + weak affinity.
CLEC4F,444,QSHLKTLHVV,HLA-C0701,0.005051091750619962,46.224673913043475,25877.631670143437,0.5302325581395348,0.462015503875969,0.5029457364341086,moderate presentation + moderate affinity,Medium Priority,Heuristic medium-priority candidate: moderate presentation + moderate affinity.
FAT1,3599,GGKVIAHK,HLA-C0701,0.004603508619048848,62.74467391304348,24591.2609700615,0.475968992248062,0.5395348837209303,0.5013953488372094,moderate presentation + moderate affinity,Low Priority,Heuristic low-priority candidate: moderate presentation + moderate affinity.
FAT1,177,DANIGTNGE,HLA-C0701,0.0044150525048012096,62.74467391304348,23613.04006532986,0.4434108527131783,0.5829457364341085,0.4992248062015504,moderate presentation + moderate affinity,Low Priority,Heuristic low-priority candidate: moderate presentation + moderate affinity.
RAD23B,354,GIAEAGRGHMN,HLA-C0701,0.004385358543785345,62.74467391304348,23482.86013704226,0.4372093023255814,0.5891472868217055,0.49798449612403106,moderate presentation + moderate affinity,Low Priority,Heuristic low-priority candidate: moderate presentation + moderate affinity.
FAT1,177,VSATDANIGTN,HLA-C0701,0.004324158274783711,62.74467391304348,23303.694818192125,0.4310077519379845,0.5968992248062015,0.4973643410852713,moderate presentation + moderate affinity,Low Priority,Heuristic low-priority candidate: moderate presentation + moderate affinity.
NAV3,835,KSLRTDNINSG,HLA-C0701,0.005392905833158568,46.224673913043475,27255.424098228992,0.5674418604651162,0.39069767441860465,0.4967441860465116,moderate presentation + moderate affinity,Low Priority,Heuristic low-priority candidate: moderate presentation + moderate affinity.
NAV3,835,TDNINSGYMTD,HLA-C0701,0.004318897965866905,62.74467391304348,23372.499715625952,0.42790697674418604,0.5937984496124031,0.4942635658914729,moderate presentation + moderate affinity,Low Priority,Heuristic low-priority candidate: moderate presentation + moderate affinity.
PCDHA11,78,GDLLEVDLQ,HLA-C0701,0.004321120903647506,62.74467391304348,23385.56310716077,0.4294573643410853,0.5906976744186047,0.4939534883720931,moderate presentation + moderate affinity,Low Priority,Heuristic low-priority candidate: moderate presentation + moderate affinity.
RAD23B,354,AEAGRGHM,HLA-C0701,0.004338991467028105,62.74467391304348,23761.579901774196,0.4325581395348837,0.5813953488372093,0.49209302325581394,moderate presentation + moderate affinity,Low Priority,Heuristic low-priority candidate: moderate presentation + moderate affinity.
RAD23B,354,AGRGHMNYIQV,HLA-C0701,0.004760071927149321,62.74467391304348,25500.962606970428,0.49612403100775193,0.48372093023255813,0.49116279069767443,moderate presentation + moderate affinity,Low Priority,Heuristic low-priority candidate: moderate presentation + moderate affinity.
RAD23B,354,AEAGRGHMN,HLA-C0701,0.00437881681519025,62.74467391304348,23833.196271506622,0.4356589147286822,0.5736434108527132,0.4908527131782946,moderate presentation + moderate affinity,Low Priority,Heuristic low-priority candidate: moderate presentation + moderate affinity.
VPS13C,1749,DLARKSFRLLM,HLA-C0701,0.006149570036899297,37.35904891304347,28891.535187259185,0.6434108527131783,0.2558139534883721,0.48837209302325585,moderate presentation + weak affinity,Low Priority,Heuristic low-priority candidate: moderate presentation + weak affinity.
OR2H1,165,HLAFCPHQQ,HLA-C0701,0.0044429278671768374,62.74467391304348,24552.074587657982,0.448062015503876,0.5441860465116279,0.4865116279069768,moderate presentation + moderate affinity,Low Priority,Heuristic low-priority candidate: moderate presentation + moderate affinity.
PSMD9,164,EIVEFGFVN,HLA-C0701,0.00539229573449663,46.224673913043475,27544.3454874425,0.5658914728682171,0.36589147286821705,0.48589147286821704,moderate presentation + moderate affinity,Low Priority,Heuristic low-priority candidate: moderate presentation + moderate affinity.
OR2H1,165,LHLAFCPHQQI,HLA-C0701,0.00429639860722229,62.74467391304348,23813.450810295657,0.4232558139534884,0.5767441860465117,0.4846511627906977,moderate presentation + moderate affinity,Low Priority,Heuristic low-priority candidate: moderate presentation + moderate affinity.
NAV1,1815,LYHLSPPTVGP,HLA-C0701,0.005487606274636865,46.224673913043475,27960.069123658115,0.5782945736434109,0.3426356589147287,0.48403100775193797,moderate presentation + moderate affinity,Low Priority,Heuristic low-priority candidate: moderate presentation + moderate affinity.
NAV3,835,DNINSGYM,HLA-C0701,0.004619846657267575,62.74467391304348,25570.054292669643,0.47751937984496123,0.4821705426356589,0.4793798449612403,moderate presentation + moderate affinity,Low Priority,Heuristic low-priority candidate: moderate presentation + moderate affinity.
NAV1,1815,QQDQSKLYHLS,HLA-C0701,0.005797824003875966,46.224673913043475,28685.400951886233,0.6108527131782946,0.27906976744186046,0.4781395348837209,moderate presentation + weak affinity,Low Priority,Heuristic low-priority candidate: moderate presentation + weak affinity.
NRXN1,526,SHGKPRPQKD,HLA-C0701,0.004285141030115786,62.74467391304348,24071.40634647341,0.4170542635658915,0.5658914728682171,0.4765891472868217,moderate presentation + moderate affinity,Low Priority,Heuristic low-priority candidate: moderate presentation + moderate affinity.
BIRC3,34,YRMCTYSTFP,HLA-C0701,0.004237012098219562,62.74467391304348,23841.953539353148,0.4062015503875969,0.5720930232558139,0.4725581395348837,moderate presentation + moderate affinity,Low Priority,Heuristic low-priority candidate: moderate presentation + moderate affinity.
NAV3,835,SLRTDNINSG,HLA-C0701,0.0056566238228539,46.224673913043475,28522.128993750946,0.5922480620155038,0.28837209302325584,0.4706976744186046,moderate presentation + weak affinity,Low Priority,Heuristic low-priority candidate: moderate presentation + weak affinity.
DPF2,200,KLDACILED,HLA-C0701,0.004424313382983459,62.74467391304348,25112.155118213956,0.4449612403100775,0.5054263565891473,0.4691472868217054,moderate presentation + moderate affinity,Low Priority,Heuristic low-priority candidate: moderate presentation + moderate affinity.
ZSCAN30,471,YESSECRK,HLA-C0701,0.004217471964063925,62.74467391304348,24077.880863879087,0.4,0.5643410852713179,0.46573643410852716,moderate presentation + moderate affinity,Low Priority,Heuristic low-priority candidate: moderate presentation + moderate affinity.
PCDHA11,78,EVDLQNGI,HLA-C0701,0.004753994909284233,62.74467391304348,26686.887191205933,0.49147286821705427,0.4232558139534884,0.4641860465116279,moderate presentation + moderate affinity,Low Priority,Heuristic low-priority candidate: moderate presentation + moderate affinity.
C9orf43,77,TFIKAHSLLSQ,HLA-C0701,0.006818706359006997,37.35904891304347,30051.82951180542,0.6806201550387597,0.13643410852713178,0.4629457364341085,strong presentation + weak affinity,Low Priority,Heuristic low-priority candidate: strong presentation + weak affinity.
FAT1,177,TDANIGTNG,HLA-C0701,0.00422791173525533,62.74467391304348,24512.589128293548,0.4046511627906977,0.5488372093023256,0.46232558139534885,moderate presentation + moderate affinity,Low Priority,Heuristic low-priority candidate: moderate presentation + moderate affinity.
ZSCAN30,471,EKPYESSECR,HLA-C0701,0.0043077770578626275,62.74467391304348,24958.22435960409,0.4248062015503876,0.517829457364341,0.46201550387596896,moderate presentation + moderate affinity,Low Priority,Heuristic low-priority candidate: moderate presentation + moderate affinity.
OR2H1,165,AFCPHQQID,HLA-C0701,0.0042477433596667365,62.74467391304348,24696.20544556139,0.4077519379844961,0.5333333333333333,0.457984496124031,moderate presentation + moderate affinity,Low Priority,Heuristic low-priority candidate: moderate presentation + moderate affinity.
FAT1,177,SATDANIGTN,HLA-C0701,0.004184291985908909,62.74467391304348,24215.828142258033,0.3891472868217054,0.5612403100775194,0.457984496124031,moderate presentation + moderate affinity,Low Priority,Heuristic low-priority candidate: moderate presentation + moderate affinity.
NAV1,1815,LYHLSPPTVG,HLA-C0701,0.004275580867379958,62.74467391304348,24906.469486620146,0.41550387596899224,0.5209302325581395,0.4576744186046512,moderate presentation + moderate affinity,Low Priority,Heuristic low-priority candidate: moderate presentation + moderate affinity.
SPTBN4,1832,LLATSRELHK,HLA-C0701,0.004293078432852564,62.74467391304348,25067.447921031624,0.4201550387596899,0.5100775193798449,0.4561240310077519,moderate presentation + moderate affinity,Low Priority,Heuristic low-priority candidate: moderate presentation + moderate affinity.
ZSCAN30,471,KPYESSECRKT,HLA-C0701,0.004896148045865482,62.74467391304348,27424.102905804786,0.5085271317829457,0.3767441860465116,0.45581395348837206,moderate presentation + moderate affinity,Low Priority,Heuristic low-priority candidate: moderate presentation + moderate affinity.
USH1C,31,QMYHQTMDVAV,HLA-C0701,0.005541002061356723,46.224673913043475,28849.70545428871,0.5829457364341085,0.262015503875969,0.4545736434108527,moderate presentation + weak affinity,Low Priority,Heuristic low-priority candidate: moderate presentation + weak affinity.
C9orf43,77,PECTFIKA,HLA-C0701,0.0067904631710018655,37.35904891304347,30229.703336344526,0.6775193798449612,0.11937984496124031,0.4542635658914729,strong presentation + weak affinity,Low Priority,Heuristic low-priority candidate: strong presentation + weak affinity.
FAT1,3599,KVIAHKKLDI,HLA-C0701,0.004407501921068978,62.74467391304348,25738.671271268722,0.4418604651162791,0.4697674418604651,0.4530232558139535,moderate presentation + moderate affinity,Low Priority,Heuristic low-priority candidate: moderate presentation + moderate affinity.
OR2H1,165,TPSTLHLA,HLA-C0701,0.005691310847020302,46.224673913043475,29096.79751049176,0.5984496124031008,0.23255813953488372,0.45209302325581396,moderate presentation + weak affinity,Low Priority,Heuristic low-priority candidate: moderate presentation + weak affinity.
OR2H1,165,STLHLAFCP,HLA-C0701,0.006010123168618011,37.35904891304347,29602.390813005517,0.6294573643410852,0.18604651162790697,0.4520930232558139,moderate presentation + weak affinity,Low Priority,Heuristic low-priority candidate: moderate presentation + weak affinity.
DPF2,200,RKKLDACI,HLA-C0701,0.0052858226676979585,46.224673913043475,28427.734516527362,0.5519379844961241,0.29767441860465116,0.45023255813953494,moderate presentation + weak affinity,Low Priority,Heuristic low-priority candidate: moderate presentation + weak affinity.
NRXN1,526,SHGKPRPQKDA,HLA-C0701,0.004203374434343656,62.74467391304348,24688.7336190886,0.3937984496124031,0.5348837209302325,0.4502325581395349,moderate presentation + moderate affinity,Low Priority,Heuristic low-priority candidate: moderate presentation + moderate affinity.
ZSCAN30,471,PYESSECRK,HLA-C0701,0.004122764449803061,62.74467391304348,24442.117916231793,0.3813953488372093,0.5534883720930233,0.4502325581395349,moderate presentation + moderate affinity,Low Priority,Heuristic low-priority candidate: moderate presentation + moderate affinity.
CLEC4F,444,QSHLKTLH,HLA-C0701,0.004552811028724688,62.74467391304348,26661.581199425353,0.46511627906976744,0.4263565891472868,0.4496124031007752,moderate presentation + moderate affinity,Low Priority,Heuristic low-priority candidate: moderate presentation + moderate affinity.
PCDHA11,78,GDLLEVDL,HLA-C0701,0.0044446474011129115,62.74467391304348,26132.931300781027,0.4496124031007752,0.4496124031007752,0.4496124031007752,moderate presentation + moderate affinity,Low Priority,Heuristic low-priority candidate: moderate presentation + moderate affinity.
NAV3,835,LGKSLRTDNI,HLA-C0701,0.004295455004114382,62.74467391304348,25425.151524263478,0.42170542635658914,0.4883720930232558,0.44837209302325576,moderate presentation + moderate affinity,Low Priority,Heuristic low-priority candidate: moderate presentation + moderate affinity.
ZSCAN30,471,HTGEKPYESSE,HLA-C0701,0.004164308276277168,62.74467391304348,24571.46565039335,0.386046511627907,0.5410852713178295,0.448062015503876,moderate presentation + moderate affinity,Low Priority,Heuristic low-priority candidate: moderate presentation + moderate affinity.
NAV1,1815,DQSKLYHLS,HLA-C0701,0.004653563352469331,62.74467391304348,27063.67768131861,0.4790697674418605,0.3984496124031008,0.4468217054263566,moderate presentation + moderate affinity,Low Priority,Heuristic low-priority candidate: moderate presentation + moderate affinity.
FAT1,177,IARVSATDANI,HLA-C0701,0.004210524829902744,62.74467391304348,25231.604465513432,0.39689922480620154,0.5023255813953489,0.4390697674418605,moderate presentation + moderate affinity,Low Priority,Heuristic low-priority candidate: moderate presentation + moderate affinity.
PCDHA11,78,SKTHGDLLEVD,HLA-C0701,0.004171484618971074,62.74467391304348,25049.561831707477,0.3875968992248062,0.5147286821705427,0.43844961240310076,moderate presentation + moderate affinity,Low Priority,Heuristic low-priority candidate: moderate presentation + moderate affinity.
FAT1,3599,GKVIAHKKLDI,HLA-C0701,0.005330168535460052,46.224673913043475,28876.78185199286,0.5565891472868217,0.2589147286821705,0.43751937984496125,moderate presentation + weak affinity,Low Priority,Heuristic low-priority candidate: moderate presentation + weak affinity.
NAV1,1815,KLYHLSPPT,HLA-C0701,0.004252419848766825,62.74467391304348,25730.528625211817,0.4108527131782946,0.47131782945736433,0.43503875968992245,moderate presentation + moderate affinity,Low Priority,Heuristic low-priority candidate: moderate presentation + moderate affinity.
NAV1,1815,LSPPTVGP,HLA-C0701,0.004563507378707459,62.74467391304348,27329.314002274703,0.4697674418604651,0.3813953488372093,0.4344186046511628,moderate presentation + moderate affinity,Low Priority,Heuristic low-priority candidate: moderate presentation + moderate affinity.
ZSCAN30,471,EKPYESSECRK,HLA-C0701,0.004109743162542656,62.74467391304348,25059.07561970472,0.3751937984496124,0.5131782945736434,0.4303875968992248,moderate presentation + moderate affinity,Low Priority,Heuristic low-priority candidate: moderate presentation + moderate affinity.
PSMD9,164,FVNTQNFQSLH,HLA-C0701,0.004290555945174526,62.74467391304348,26264.584699627485,0.4186046511627907,0.4449612403100775,0.42914728682170544,moderate presentation + moderate affinity,Low Priority,Heuristic low-priority candidate: moderate presentation + moderate affinity.
ZSCAN30,471,SSECRKTFRHR,HLA-C0701,0.005373818466591686,46.224673913043475,29204.033676316943,0.5627906976744186,0.2248062015503876,0.4275968992248062,moderate presentation + weak affinity,Low Priority,Heuristic low-priority candidate: moderate presentation + weak affinity.
VPS13C,1749,SSMKDLAR,HLA-C0701,0.004225188273387822,62.74467391304348,25900.166657259782,0.40310077519379844,0.4604651162790698,0.42604651162790697,moderate presentation + moderate affinity,Low Priority,Heuristic low-priority candidate: moderate presentation + moderate affinity.
C9orf43,77,ECTFIKAHSL,HLA-C0701,0.004385525461277582,62.74467391304348,26917.49542977869,0.4387596899224806,0.4046511627906977,0.42511627906976746,moderate presentation + moderate affinity,Low Priority,Heuristic low-priority candidate: moderate presentation + moderate affinity.
NRXN1,526,PRPQKDAKHPQ,HLA-C0701,0.00406355721479355,62.74467391304348,24817.535490644488,0.35658914728682173,0.5255813953488372,0.42418604651162795,moderate presentation + moderate affinity,Low Priority,Heuristic low-priority candidate: moderate presentation + moderate affinity.
RAD23B,354,GSGGIAEAGRG,HLA-C0701,0.004061817801927258,62.74467391304348,24864.71796697176,0.3550387596899225,0.524031007751938,0.4226356589147287,moderate presentation + moderate affinity,Low Priority,Heuristic low-priority candidate: moderate presentation + moderate affinity.
C9orf43,77,FIKAHSLLS,HLA-C0701,0.004106591499274348,62.74467391304348,25259.749611421506,0.3705426356589147,0.4992248062015504,0.422015503875969,moderate presentation + moderate affinity,Low Priority,Heuristic low-priority candidate: moderate presentation + moderate affinity.
RAD23B,354,IAEAGRGH,HLA-C0701,0.004258167270151873,62.74467391304348,26417.420202190635,0.4124031007751938,0.4325581395348837,0.4204651162790698,moderate presentation + moderate affinity,Low Priority,Heuristic low-priority candidate: moderate presentation + moderate affinity.
CLEC4F,444,IQQEQSHLKT,HLA-C0701,0.004107266587135963,62.74467391304348,25283.36459138442,0.37209302325581395,0.4930232558139535,0.4204651162790698,moderate presentation + moderate affinity,Low Priority,Heuristic low-priority candidate: moderate presentation + moderate affinity.
NAV3,835,ILGKSLRTDNI,HLA-C0701,0.005218498832484022,46.224673913043475,29045.959493188217,0.537984496124031,0.24186046511627907,0.41953488372093023,moderate presentation + weak affinity,Low Priority,Heuristic low-priority candidate: moderate presentation + weak affinity.
BIRC3,34,ELYRMCTYSTF,HLA-C0701,0.0044922831948923546,62.74467391304348,27852.038568615186,0.4573643410852713,0.351937984496124,0.41519379844961235,moderate presentation + moderate affinity,Low Priority,Heuristic low-priority candidate: moderate presentation + moderate affinity.
ZSCAN30,471,YESSECRKT,HLA-C0701,0.004063625051163961,62.74467391304348,25278.196183686265,0.3581395348837209,0.4945736434108527,0.41271317829457366,moderate presentation + moderate affinity,Low Priority,Heuristic low-priority candidate: moderate presentation + moderate affinity.
USH1C,31,DYLYDVLQMYH,HLA-C0701,0.004740534737174399,62.74467391304348,28457.900543985797,0.48992248062015503,0.29457364341085274,0.4117829457364341,moderate presentation + weak affinity,Low Priority,Heuristic low-priority candidate: moderate presentation + weak affinity.
NAV1,1815,SKLYHLSP,HLA-C0701,0.006105978406304433,37.35904891304347,30925.925187997855,0.641860465116279,0.06511627906976744,0.4111627906976744,moderate presentation + weak affinity,Low Priority,Heuristic low-priority candidate: moderate presentation + weak affinity.
DPF2,200,ACILEDRDKPY,HLA-C0701,0.0040648197733345074,62.74467391304348,25484.94952898024,0.35968992248062015,0.48527131782945737,0.409922480620155,moderate presentation + moderate affinity,Low Priority,Heuristic low-priority candidate: moderate presentation + moderate affinity.
PCDHA11,78,DLQNGILFVNS,HLA-C0701,0.005882233648630121,46.224673913043475,30578.541334863738,0.6201550387596899,0.09302325581395349,0.40930232558139534,moderate presentation + weak affinity,Low Priority,Heuristic low-priority candidate: moderate presentation + weak affinity.
NRXN1,526,HGKPRPQKDA,HLA-C0701,0.004028424839238614,62.74467391304348,25066.166174331967,0.34108527131782945,0.5116279069767442,0.40930232558139534,moderate presentation + moderate affinity,Low Priority,Heuristic low-priority candidate: moderate presentation + moderate affinity.
SPTBN4,1832,QLLATSRELHK,HLA-C0701,0.004491873313334946,62.74467391304348,28044.60666713803,0.4558139534883721,0.3364341085271318,0.408062015503876,moderate presentation + moderate affinity,Low Priority,Heuristic low-priority candidate: moderate presentation + moderate affinity.
SPTBN4,1832,GTRAQLLAT,HLA-C0701,0.0041084018740636516,62.74467391304348,26009.386058571887,0.3736434108527132,0.4558139534883721,0.40651162790697676,moderate presentation + moderate affinity,Low Priority,Heuristic low-priority candidate: moderate presentation + moderate affinity.
ZSCAN30,471,TGEKPYESS,HLA-C0701,0.004025058592088572,62.74467391304348,25104.29091731475,0.3395348837209302,0.5069767441860465,0.40651162790697676,moderate presentation + moderate affinity,Low Priority,Heuristic low-priority candidate: moderate presentation + moderate affinity.
NRXN1,526,PRPQKDAK,HLA-C0701,0.004021688654143624,62.74467391304348,25091.418627732688,0.3364341085271318,0.5085271317829457,0.40527131782945736,moderate presentation + moderate affinity,Low Priority,Heuristic low-priority candidate: moderate presentation + moderate affinity.
DPF2,200,CILEDRDKPYA,HLA-C0701,0.005434471303920337,46.224673913043475,29912.62546793481,0.5736434108527132,0.15038759689922482,0.40434108527131785,moderate presentation + weak affinity,Low Priority,Heuristic low-priority candidate: moderate presentation + weak affinity.
VPS13C,1749,SMKDLARK,HLA-C0701,0.004084207311122834,62.74467391304348,25824.60551703628,0.3627906976744186,0.46511627906976744,0.4037209302325582,moderate presentation + moderate affinity,Low Priority,Heuristic low-priority candidate: moderate presentation + moderate affinity.
SPTBN4,1832,ATSRELHK,HLA-C0701,0.004055126047949607,62.74467391304348,25693.8008321276,0.35348837209302325,0.475968992248062,0.4024806201550387,moderate presentation + moderate affinity,Low Priority,Heuristic low-priority candidate: moderate presentation + moderate affinity.
C9orf43,77,IKAHSLLSQ,HLA-C0701,0.0042247503992593385,62.74467391304348,27016.56900044821,0.4015503875968992,0.4015503875968992,0.4015503875968992,moderate presentation + moderate affinity,Low Priority,Heuristic low-priority candidate: moderate presentation + moderate affinity.
CLEC4F,444,QSHLKTLHVVI,HLA-C0701,0.005273164349424806,46.224673913043475,29629.734610015403,0.5472868217054263,0.17829457364341086,0.39968992248062013,moderate presentation + weak affinity,Low Priority,Heuristic low-priority candidate: moderate presentation + weak affinity.
USH1C,31,QMYHQTMDVA,HLA-C0701,0.005121211390522085,46.224673913043475,29480.451195320926,0.5348837209302325,0.19689922480620156,0.39968992248062013,moderate presentation + weak affinity,Low Priority,Heuristic low-priority candidate: moderate presentation + weak affinity.
FAT1,3599,STGGKVIA,HLA-C0701,0.004690254644378611,62.74467391304348,28692.491520408556,0.4806201550387597,0.2775193798449612,0.39937984496124035,moderate presentation + weak affinity,Low Priority,Heuristic low-priority candidate: moderate presentation + weak affinity.
PCDHA11,78,DLLEVDLQN,HLA-C0701,0.004050137841447025,62.74467391304348,25812.72774643406,0.35038759689922483,0.4666666666666667,0.39689922480620154,moderate presentation + moderate affinity,Low Priority,Heuristic low-priority candidate: moderate presentation + moderate affinity.
BIRC3,34,LYRMCTYST,HLA-C0701,0.003985319638960181,99.28660326086957,25273.170123169424,0.324031007751938,0.49767441860465117,0.39348837209302323,weak presentation + moderate affinity,Low Priority,Heuristic low-priority candidate: weak presentation + moderate affinity.
RAD23B,354,IAEAGRGHMN,HLA-C0701,0.004111077022435725,62.74467391304348,26728.339169610816,0.37829457364341085,0.41550387596899224,0.3931782945736434,moderate presentation + moderate affinity,Low Priority,Heuristic low-priority candidate: moderate presentation + moderate affinity.
SPTBN4,1832,LLATSRELH,HLA-C0701,0.004052446051042868,62.74467391304348,26111.198029155206,0.351937984496124,0.45271317829457364,0.3922480620155039,moderate presentation + moderate affinity,Low Priority,Heuristic low-priority candidate: moderate presentation + moderate affinity.
PCDHA11,78,LLEVDLQNGI,HLA-C0701,0.004191029145329574,62.74467391304348,27179.915428587523,0.39069767441860465,0.3937984496124031,0.39193798449612405,moderate presentation + moderate affinity,Low Priority,Heuristic low-priority candidate: moderate presentation + moderate affinity.
DPF2,200,CILEDRDK,HLA-C0701,0.003982015503889291,99.28660326086957,25326.735063499324,0.32248062015503876,0.49147286821705427,0.390077519379845,weak presentation + moderate affinity,Low Priority,Heuristic low-priority candidate: weak presentation + moderate affinity.
PSMD9,164,IVEFGFVNT,HLA-C0701,0.005261826876374745,46.224673913043475,29848.005428991102,0.5441860465116279,0.15658914728682172,0.3891472868217054,moderate presentation + weak affinity,Low Priority,Heuristic low-priority candidate: moderate presentation + weak affinity.
DPF2,200,KKLDACILED,HLA-C0701,0.0041103379009050185,62.74467391304348,26850.161010032676,0.3767441860465116,0.4077519379844961,0.3891472868217054,moderate presentation + moderate affinity,Low Priority,Heuristic low-priority candidate: moderate presentation + moderate affinity.
NRXN1,526,PQKDAKHPQ,HLA-C0701,0.003976122260377458,99.28660326086957,25344.55570317737,0.3209302325581395,0.48992248062015503,0.38852713178294573,weak presentation + moderate affinity,Low Priority,Heuristic low-priority candidate: weak presentation + moderate affinity.
NRXN1,526,RPQKDAKHPQ,HLA-C0701,0.004103862491944098,62.74467391304348,26748.943259572283,0.3689922480620155,0.4124031007751938,0.3863565891472869,moderate presentation + moderate affinity,Low Priority,Heuristic low-priority candidate: moderate presentation + moderate affinity.
DPF2,200,RKKLDACILED,HLA-C0701,0.004309060038559376,62.74467391304348,28151.39858575306,0.4263565891472868,0.32558139534883723,0.38604651162790693,moderate presentation + weak affinity,Low Priority,Heuristic low-priority candidate: moderate presentation + weak affinity.
OR2H1,165,STLHLAFCPH,HLA-C0701,0.004191629136289301,62.74467391304348,27465.876313812318,0.3922480620155039,0.3705426356589147,0.38356589147286824,moderate presentation + moderate affinity,Low Priority,Heuristic low-priority candidate: moderate presentation + moderate affinity.
BIRC3,34,SCELYRMCTY,HLA-C0701,0.004009707202248362,62.74467391304348,25953.325261201047,0.3333333333333333,0.4573643410852713,0.3829457364341085,moderate presentation + moderate affinity,Low Priority,Heuristic low-priority candidate: moderate presentation + moderate affinity.
NRXN1,526,RPQKDAKHP,HLA-C0701,0.004099405420876452,62.74467391304348,26933.27209328565,0.3674418604651163,0.40310077519379844,0.3817054263565891,moderate presentation + moderate affinity,Low Priority,Heuristic low-priority candidate: moderate presentation + moderate affinity.
PSMD9,164,FGFVNTQNFQ,HLA-C0701,0.0040158391171249,62.74467391304348,26120.692621475577,0.33488372093023255,0.4511627906976744,0.38139534883720927,moderate presentation + moderate affinity,Low Priority,Heuristic low-priority candidate: moderate presentation + moderate affinity.
FAT1,177,RVSATDANIGT,HLA-C0701,0.004034726205314049,62.74467391304348,26328.135185014282,0.3426356589147287,0.4372093023255814,0.38046511627906976,moderate presentation + moderate affinity,Low Priority,Heuristic low-priority candidate: moderate presentation + moderate affinity.
PCDHA11,78,KTHGDLLEVD,HLA-C0701,0.004252401807085304,62.74467391304348,28105.86605497544,0.40930232558139534,0.33488372093023255,0.37953488372093025,moderate presentation + moderate affinity,Low Priority,Heuristic low-priority candidate: moderate presentation + moderate affinity.
ZSCAN30,471,TGEKPYESSE,HLA-C0701,0.003941564437025179,99.28660326086957,25626.92621732255,0.3116279069767442,0.4790697674418605,0.37860465116279074,weak presentation + moderate affinity,Low Priority,Heuristic low-priority candidate: weak presentation + moderate affinity.
PSMD9,164,EIVEFGFV,HLA-C0701,0.004477537841245401,62.74467391304348,28811.72399137741,0.45271317829457364,0.2651162790697674,0.3776744186046511,moderate presentation + weak affinity,Low Priority,Heuristic low-priority candidate: moderate presentation + weak affinity.
ZSCAN30,471,IHTGEKPYESS,HLA-C0701,0.00404369919421798,62.74467391304348,26700.132969774702,0.34728682170542635,0.42170542635658914,0.37705426356589145,moderate presentation + moderate affinity,Low Priority,Heuristic low-priority candidate: moderate presentation + moderate affinity.
FAT1,177,VSATDANI,HLA-C0701,0.0040009989123006035,99.28660326086957,26168.732121478362,0.32868217054263565,0.448062015503876,0.37643410852713177,weak presentation + moderate affinity,Low Priority,Heuristic low-priority candidate: weak presentation + moderate affinity.
PCDHA11,78,GDLLEVDLQN,HLA-C0701,0.003934161468653369,99.28660326086957,25701.018566593277,0.31007751937984496,0.4744186046511628,0.3758139534883721,weak presentation + moderate affinity,Low Priority,Heuristic low-priority candidate: weak presentation + moderate affinity.
USH1C,31,EKDYLYDVLQM,HLA-C0701,0.004040328361318434,62.74467391304348,26742.891666625586,0.3457364341085271,0.413953488372093,0.37302325581395346,moderate presentation + moderate affinity,Low Priority,Heuristic low-priority candidate: moderate presentation + moderate affinity.
PSMD9,164,DEIVEFGFVN,HLA-C0701,0.0042170474343199305,62.74467391304348,28117.37938208461,0.3984496124031008,0.3302325581395349,0.37116279069767444,moderate presentation + moderate affinity,Low Priority,Heuristic low-priority candidate: moderate presentation + moderate affinity.
DPF2,200,SARKKLDACI,HLA-C0701,0.003925671388230795,99.28660326086957,25807.18223221364,0.3054263565891473,0.4682170542635659,0.37054263565891477,weak presentation + moderate affinity,Low Priority,Heuristic low-priority candidate: weak presentation + moderate affinity.
RAD23B,354,SGGIAEAGRG,HLA-C0701,0.003917269551116001,99.28660326086957,25722.771754685793,0.2992248062015504,0.4728682170542636,0.3686821705426357,weak presentation + moderate affinity,Low Priority,Heuristic low-priority candidate: weak presentation + moderate affinity.
CLEC4F,444,QQEQSHLKT,HLA-C0701,0.003957042629339613,99.28660326086957,26323.1920336528,0.3178294573643411,0.4387596899224806,0.36620155038759694,weak presentation + moderate affinity,Low Priority,Heuristic low-priority candidate: weak presentation + moderate affinity.
DPF2,200,DACILEDRDKP,HLA-C0701,0.004554765470738965,62.74467391304348,29342.78633675013,0.4666666666666667,0.20775193798449612,0.3631007751937984,moderate presentation + weak affinity,Low Priority,Heuristic low-priority candidate: moderate presentation + weak affinity.
FAT1,3599,LFSVSSTGGKV,HLA-C0701,0.00393258671004707,99.28660326086957,26223.91863741242,0.30697674418604654,0.44651162790697674,0.3627906976744186,weak presentation + moderate affinity,Low Priority,Heuristic low-priority candidate: weak presentation + moderate affinity.
USH1C,31,LQMYHQTMDV,HLA-C0701,0.003918185466135452,99.28660326086957,26076.714575247806,0.30077519379844964,0.4542635658914729,0.36217054263565895,weak presentation + moderate affinity,Low Priority,Heuristic low-priority candidate: weak presentation + moderate affinity.
NAV1,1815,KLYHLSPP,HLA-C0701,0.0056182073702806725,46.224673913043475,31779.81125862809,0.586046511627907,0.020155038759689922,0.35968992248062015,moderate presentation + weak affinity,Low Priority,Heuristic low-priority candidate: moderate presentation + weak affinity.
PCDHA11,78,HGDLLEVD,HLA-C0701,0.003933462243273701,99.28660326086957,26342.873160897485,0.3085271317829457,0.43410852713178294,0.35875968992248064,weak presentation + moderate affinity,Low Priority,Heuristic low-priority candidate: weak presentation + moderate affinity.
NAV1,1815,DQSKLYHLSP,HLA-C0701,0.004979032443388889,62.74467391304348,30279.87188078957,0.5224806201550387,0.11317829457364341,0.3587596899224806,moderate presentation + weak affinity,Low Priority,Heuristic low-priority candidate: moderate presentation + weak affinity.
C9orf43,77,LPECTFIKAH,HLA-C0701,0.004377503783692546,62.74467391304348,29206.614629432832,0.43410852713178294,0.22325581395348837,0.3497674418604651,moderate presentation + weak affinity,Low Priority,Heuristic low-priority candidate: moderate presentation + weak affinity.
DPF2,200,KLDACILE,HLA-C0701,0.004137703982988578,62.74467391304348,28387.64644798461,0.3829457364341085,0.2992248062015504,0.34945736434108526,moderate presentation + weak affinity,Low Priority,Heuristic low-priority candidate: moderate presentation + weak affinity.
VPS13C,1749,SMKDLARKS,HLA-C0701,0.003868382539992546,99.28660326086957,26294.402590017202,0.28527131782945736,0.4434108527131783,0.3485271317829457,weak presentation + moderate affinity,Low Priority,Heuristic low-priority candidate: weak presentation + moderate affinity.
NAV1,1815,QSKLYHLSP,HLA-C0701,0.004088700350861826,62.74467391304348,28160.126296573584,0.3643410852713178,0.324031007751938,0.34821705426356586,moderate presentation + weak affinity,Low Priority,Heuristic low-priority candidate: moderate presentation + weak affinity.
FAT1,177,ATDANIGT,HLA-C0701,0.0040447783651436425,62.74467391304348,27979.105131490054,0.3488372093023256,0.34108527131782945,0.34573643410852717,moderate presentation + moderate affinity,Low Priority,Heuristic low-priority candidate: moderate presentation + moderate affinity.
PSMD9,164,EFGFVNTQN,HLA-C0701,0.004115191335215661,62.74467391304348,28483.129671078917,0.3798449612403101,0.29147286821705426,0.3444961240310077,moderate presentation + weak affinity,Low Priority,Heuristic low-priority candidate: moderate presentation + weak affinity.
OR2H1,165,LHLAFCPHQ,HLA-C0701,0.0038459077354083483,99.28660326086957,26295.715345096967,0.27906976744186046,0.4418604651162791,0.34418604651162793,weak presentation + moderate affinity,Low Priority,Heuristic low-priority candidate: weak presentation + moderate affinity.
NAV1,1815,LYHLSPPT,HLA-C0701,0.004009393913931753,62.74467391304348,27581.011063927395,0.33178294573643413,0.3612403100775194,0.3435658914728682,moderate presentation + moderate affinity,Low Priority,Heuristic low-priority candidate: moderate presentation + moderate affinity.
ZSCAN30,471,ESSECRKTFRH,HLA-C0701,0.003949475720343805,99.28660326086957,27368.086014038632,0.31627906976744186,0.37829457364341085,0.34108527131782945,weak presentation + moderate affinity,Low Priority,Heuristic low-priority candidate: weak presentation + moderate affinity.
DPF2,200,VGSARKKLDAC,HLA-C0701,0.003836573861134287,99.28660326086957,26332.118288295387,0.2775193798449612,0.4356589147286822,0.3407751937984496,weak presentation + moderate affinity,Low Priority,Heuristic low-priority candidate: weak presentation + moderate affinity.
PSMD9,164,IVEFGFVNTQ,HLA-C0701,0.004400051533934854,62.74467391304348,29526.062749903675,0.44031007751937984,0.18914728682170542,0.3398449612403101,moderate presentation + weak affinity,Low Priority,Heuristic low-priority candidate: moderate presentation + weak affinity.
NAV3,835,GKSLRTDNINS,HLA-C0701,0.004070552280992745,62.74467391304348,28303.020329908424,0.3612403100775194,0.30697674418604654,0.33953488372093027,moderate presentation + weak affinity,Low Priority,Heuristic low-priority candidate: moderate presentation + weak affinity.
VPS13C,1749,RKSFRLLMD,HLA-C0701,0.0038861722278672366,99.28660326086957,26889.630985197626,0.29457364341085274,0.4062015503875969,0.3392248062015504,weak presentation + moderate affinity,Low Priority,Heuristic low-priority candidate: weak presentation + moderate affinity.
FAT1,177,SIARVSATDAN,HLA-C0701,0.003920991817829122,99.28660326086957,27280.14938670402,0.30387596899224806,0.3875968992248062,0.33736434108527136,weak presentation + moderate affinity,Low Priority,Heuristic low-priority candidate: weak presentation + moderate affinity.
PCDHA11,78,VDLQNGILFVN,HLA-C0701,0.00383273210268685,99.28660326086957,26483.696088034274,0.27596899224806204,0.4294573643410853,0.33736434108527136,weak presentation + moderate affinity,Low Priority,Heuristic low-priority candidate: weak presentation + moderate affinity.
FAT1,177,VSATDANIG,HLA-C0701,0.0037987510209678524,99.28660326086957,26673.387158576523,0.2651162790697674,0.4248062015503876,0.3289922480620155,weak presentation + moderate affinity,Low Priority,Heuristic low-priority candidate: weak presentation + moderate affinity.
NRXN1,526,ILFSHGKPRP,HLA-C0701,0.004889581314551534,62.74467391304348,30984.62012088079,0.5069767441860465,0.05891472868217054,0.3277519379844961,moderate presentation + weak affinity,Low Priority,Heuristic low-priority candidate: moderate presentation + weak affinity.
NAV3,835,DNINSGYMT,HLA-C0701,0.0039423286083056135,99.28660326086957,27897.8097143009,0.31317829457364343,0.34728682170542635,0.3268217054263566,weak presentation + moderate affinity,Low Priority,Heuristic low-priority candidate: weak presentation + moderate affinity.
ZSCAN30,471,EKPYESSEC,HLA-C0701,0.0037977578484209807,99.28660326086957,26710.90906280003,0.26356589147286824,0.4201550387596899,0.3262015503875969,weak presentation + moderate affinity,Low Priority,Heuristic low-priority candidate: weak presentation + moderate affinity.
OR2H1,165,LHLAFCPHQQ,HLA-C0701,0.0037919253989603953,99.28660326086957,26712.859344606753,0.262015503875969,0.4186046511627907,0.3246511627906977,weak presentation + moderate affinity,Low Priority,Heuristic low-priority candidate: weak presentation + moderate affinity.
USH1C,31,LYDVLQMYHQ,HLA-C0701,0.003860402606911058,99.28660326086957,27299.294110493895,0.28217054263565894,0.386046511627907,0.32372093023255816,weak presentation + moderate affinity,Low Priority,Heuristic low-priority candidate: weak presentation + moderate affinity.
DPF2,200,DACILEDRD,HLA-C0701,0.003994348061273669,99.28660326086957,28283.69143575053,0.32558139534883723,0.31317829457364343,0.32062015503875974,weak presentation + weak affinity,Low Priority,Heuristic low-priority candidate: weak presentation + weak affinity.
BIRC3,34,CTYSTFPAG,HLA-C0701,0.0037915707185379255,99.28660326086957,26829.925905213746,0.26046511627906976,0.40930232558139534,0.32,weak presentation + moderate affinity,Low Priority,Heuristic low-priority candidate: weak presentation + moderate affinity.
FAT1,177,VSATDANIGT,HLA-C0701,0.003791476776353755,99.28660326086957,26795.437856836823,0.2589147286821705,0.4108527131782946,0.31968992248062017,weak presentation + moderate affinity,Low Priority,Heuristic low-priority candidate: weak presentation + moderate affinity.
SPTBN4,1832,AQLLATSRE,HLA-C0701,0.003996919852056788,99.28660326086957,28297.787258538287,0.3271317829457364,0.3085271317829457,0.3196899224806201,weak presentation + weak affinity,Low Priority,Heuristic low-priority candidate: weak presentation + weak affinity.
ZSCAN30,471,IHTGEKPYES,HLA-C0701,0.003865379705288504,99.28660326086957,27442.188101399865,0.2837209302325581,0.3736434108527132,0.3196899224806201,weak presentation + moderate affinity,Low Priority,Heuristic low-priority candidate: weak presentation + moderate affinity.
USH1C,31,DYLYDVLQ,HLA-C0701,0.004520611335963079,62.74467391304348,30413.28091295172,0.4604651162790698,0.10542635658914729,0.31844961240310077,moderate presentation + weak affinity,Low Priority,Heuristic low-priority candidate: moderate presentation + weak affinity.
RAD23B,354,RGHMNYIQVT,HLA-C0701,0.003872104744544574,99.28660326086957,27613.354770958947,0.289922480620155,0.3581395348837209,0.3172093023255814,weak presentation + moderate affinity,Low Priority,Heuristic low-priority candidate: weak presentation + moderate affinity.
USH1C,31,YDVLQMYH,HLA-C0701,0.003948752665161496,99.28660326086957,28205.565853291337,0.3147286821705426,0.3209302325581395,0.31720930232558137,weak presentation + weak affinity,Low Priority,Heuristic low-priority candidate: weak presentation + weak affinity.
NRXN1,526,KPRPQKDAKHP,HLA-C0701,0.0038697421330711828,99.28660326086957,27672.33968173073,0.2868217054263566,0.3550387596899225,0.31410852713178294,weak presentation + moderate affinity,Low Priority,Heuristic low-priority candidate: weak presentation + moderate affinity.
PSMD9,164,FVNTQNFQS,HLA-C0701,0.0037898119103475553,99.28660326086957,27219.790163830792,0.25736434108527134,0.3922480620155039,0.31131782945736436,weak presentation + moderate affinity,Low Priority,Heuristic low-priority candidate: weak presentation + moderate affinity.
ZSCAN30,471,HTGEKPYESS,HLA-C0701,0.0037744343289956095,99.28660326086957,27257.446547966803,0.2527131782945736,0.3891472868217054,0.3072868217054263,weak presentation + moderate affinity,Low Priority,Heuristic low-priority candidate: weak presentation + moderate affinity.
ZSCAN30,471,PYESSECR,HLA-C0701,0.003785567270222302,99.28660326086957,27316.32653052706,0.25426356589147286,0.38449612403100775,0.3063565891472868,weak presentation + moderate affinity,Low Priority,Heuristic low-priority candidate: weak presentation + moderate affinity.
DPF2,200,GSARKKLDACI,HLA-C0701,0.003759170444356147,99.28660326086957,27050.684842822004,0.2434108527131783,0.4,0.30604651162790697,weak presentation + moderate affinity,Low Priority,Heuristic low-priority candidate: weak presentation + moderate affinity.
NAV1,1815,DQSKLYHLSPP,HLA-C0701,0.004503401783061872,62.74467391304348,30774.95757130852,0.45891472868217054,0.07596899224806201,0.30573643410852713,moderate presentation + weak affinity,Low Priority,Heuristic low-priority candidate: moderate presentation + weak affinity.
ZSCAN30,471,GEKPYESS,HLA-C0701,0.0038245139195854476,99.28660326086957,27904.352208818273,0.2744186046511628,0.3457364341085271,0.3029457364341085,weak presentation + moderate affinity,Low Priority,Heuristic low-priority candidate: weak presentation + moderate affinity.
NAV1,1815,HLSPPTVG,HLA-C0701,0.0038103153281223,99.28660326086957,27864.865513743003,0.26976744186046514,0.35038759689922483,0.302015503875969,weak presentation + moderate affinity,Low Priority,Heuristic low-priority candidate: weak presentation + moderate affinity.
BIRC3,34,RMCTYSTFPA,HLA-C0701,0.00376047387081053,99.28660326086957,27320.27732663362,0.24806201550387597,0.3829457364341085,0.302015503875969,weak presentation + moderate affinity,Low Priority,Heuristic low-priority candidate: weak presentation + moderate affinity.
NAV3,835,GKSLRTDNIN,HLA-C0701,0.003920810942092988,99.28660326086957,28371.64121116258,0.3023255813953488,0.30077519379844964,0.30170542635658915,weak presentation + weak affinity,Low Priority,Heuristic low-priority candidate: weak presentation + weak affinity.
PSMD9,164,DDEIVEFGFVN,HLA-C0701,0.0037531161821816807,99.28660326086957,27179.72392959995,0.23875968992248062,0.3953488372093023,0.3013953488372093,weak presentation + moderate affinity,Low Priority,Heuristic low-priority candidate: weak presentation + moderate affinity.
NAV1,1815,KLYHLSPPTVG,HLA-C0701,0.004038140158047666,62.74467391304348,29076.596374491535,0.34418604651162793,0.23565891472868217,0.30077519379844964,moderate presentation + weak affinity,Low Priority,Heuristic low-priority candidate: moderate presentation + weak affinity.
BIRC3,34,RMCTYSTFP,HLA-C0701,0.0037714730209298893,99.28660326086957,27588.83744951814,0.25116279069767444,0.35968992248062015,0.2945736434108527,weak presentation + moderate affinity,Low Priority,Heuristic low-priority candidate: weak presentation + moderate affinity.
PSMD9,164,FGFVNTQNFQS,HLA-C0701,0.0037600154139004944,99.28660326086957,27671.75823822362,0.24651162790697675,0.35658914728682173,0.29054263565891475,weak presentation + moderate affinity,Low Priority,Heuristic low-priority candidate: weak presentation + moderate affinity.
SPTBN4,1832,ATSRELHKFFS,HLA-C0701,0.004273521965040223,62.74467391304348,30550.35973526132,0.413953488372093,0.09612403100775194,0.2868217054263566,moderate presentation + weak affinity,Low Priority,Heuristic low-priority candidate: moderate presentation + weak affinity.
ZSCAN30,471,RIHTGEKPYES,HLA-C0701,0.0040220158653908895,62.74467391304348,29322.13277344024,0.33798449612403103,0.20930232558139536,0.28651162790697676,moderate presentation + weak affinity,Low Priority,Heuristic low-priority candidate: moderate presentation + weak affinity.
OR2H1,165,PSTLHLAFC,HLA-C0701,0.0037044735528409113,99.28660326086957,27346.829531859814,0.22325581395348837,0.3798449612403101,0.28589147286821703,weak presentation + moderate affinity,Low Priority,Heuristic low-priority candidate: weak presentation + moderate affinity.
CLEC4F,444,HLKTLHVVITS,HLA-C0701,0.004204301217103952,62.74467391304348,30371.13483392097,0.3953488372093023,0.10697674418604651,0.27999999999999997,moderate presentation + weak affinity,Low Priority,Heuristic low-priority candidate: moderate presentation + weak affinity.
RAD23B,354,GGIAEAGRG,HLA-C0701,0.003681025331470403,99.28660326086957,27446.279011944196,0.21395348837209302,0.37209302325581395,0.2772093023255814,weak presentation + moderate affinity,Low Priority,Heuristic low-priority candidate: weak presentation + moderate affinity.
OR2H1,165,AFCPHQQIDD,HLA-C0701,0.0037347612751541196,99.28660326086957,28002.887948994598,0.23255813953488372,0.3395348837209302,0.2753488372093023,weak presentation + moderate affinity,Low Priority,Heuristic low-priority candidate: weak presentation + moderate affinity.
PSMD9,164,FGFVNTQN,HLA-C0701,0.003871248338149416,99.28660326086957,29049.18075659725,0.28837209302325584,0.24031007751937986,0.26914728682170547,weak presentation + weak affinity,Low Priority,Heuristic low-priority candidate: weak presentation + weak affinity.
NAV1,1815,QDQSKLYHLSP,HLA-C0701,0.004163979059165596,62.74467391304348,30552.90475022265,0.38449612403100775,0.09457364341085271,0.26852713178294574,moderate presentation + weak affinity,Low Priority,Heuristic low-priority candidate: moderate presentation + weak affinity.
USH1C,31,DVLQMYHQT,HLA-C0701,0.003960826397061449,99.28660326086957,29517.083252272423,0.31937984496124033,0.19224806201550387,0.26852713178294574,weak presentation + weak affinity,Low Priority,Heuristic low-priority candidate: weak presentation + weak affinity.
NAV3,835,LRTDNINS,HLA-C0701,0.003759511005804203,99.28660326086957,28331.756831849827,0.24496124031007752,0.30387596899224806,0.26852713178294574,weak presentation + weak affinity,Low Priority,Heuristic low-priority candidate: weak presentation + weak affinity.
NRXN1,526,LFSHGKPRPQ,HLA-C0701,0.0036782984180861083,99.28660326086957,27846.9581346328,0.21085271317829457,0.35348837209302325,0.26790697674418606,weak presentation + moderate affinity,Low Priority,Heuristic low-priority candidate: weak presentation + moderate affinity.
PSMD9,164,GFVNTQNFQ,HLA-C0701,0.0036729836747679406,99.28660326086957,27920.582474792,0.20930232558139536,0.34418604651162793,0.2632558139534884,weak presentation + moderate affinity,Low Priority,Heuristic low-priority candidate: weak presentation + moderate affinity.
C9orf43,77,FIKAHSLLSQ,HLA-C0701,0.0038797104290022536,99.28660326086957,29220.589049672348,0.29147286821705426,0.22015503875968992,0.2629457364341085,weak presentation + weak affinity,Low Priority,Heuristic low-priority candidate: weak presentation + weak affinity.
NAV3,835,KSLRTDNIN,HLA-C0701,0.003664604918484001,99.28660326086957,28012.388760361297,0.20775193798449612,0.33798449612403103,0.2598449612403101,weak presentation + moderate affinity,Low Priority,Heuristic low-priority candidate: weak presentation + moderate affinity.
FAT1,177,NIGTNGEFYYS,HLA-C0701,0.0036512969564378925,99.28660326086957,27883.687000027672,0.2,0.3488372093023256,0.25953488372093025,weak presentation + moderate affinity,Low Priority,Heuristic low-priority candidate: weak presentation + moderate affinity.
CLEC4F,444,SHLKTLHVVIT,HLA-C0701,0.0038876392530246,99.28660326086957,29439.431092773724,0.2961240310077519,0.2,0.2576744186046511,weak presentation + weak affinity,Low Priority,Heuristic low-priority candidate: weak presentation + weak affinity.
NAV3,835,TDNINSGYMT,HLA-C0701,0.0036573181440329307,99.28660326086957,28112.047720917304,0.2062015503875969,0.3333333333333333,0.25705426356589145,weak presentation + moderate affinity,Low Priority,Heuristic low-priority candidate: weak presentation + moderate affinity.
NRXN1,526,FSHGKPRPQKD,HLA-C0701,0.0037181437555676854,99.28660326086957,28364.978294023807,0.22635658914728682,0.3023255813953488,0.2567441860465116,weak presentation + weak affinity,Low Priority,Heuristic low-priority candidate: weak presentation + weak affinity.
NAV3,835,SLRTDNINS,HLA-C0701,0.0037424334575280843,99.28660326086957,28545.450845847736,0.23565891472868217,0.2837209302325581,0.2548837209302326,weak presentation + weak affinity,Low Priority,Heuristic low-priority candidate: weak presentation + weak affinity.
CLEC4F,444,EIQQEQSH,HLA-C0701,0.003646382948026494,99.28660326086957,28116.14873464514,0.19689922480620156,0.33178294573643413,0.2508527131782946,weak presentation + moderate affinity,Low Priority,Heuristic low-priority candidate: weak presentation + moderate affinity.
FAT1,3599,GKVIAHKKLD,HLA-C0701,0.003912030791568595,99.28660326086957,29664.24909267043,0.29767441860465116,0.17519379844961241,0.24868217054263567,weak presentation + weak affinity,Low Priority,Heuristic low-priority candidate: weak presentation + weak affinity.
USH1C,31,EKDYLYDVLQ,HLA-C0701,0.003693326104703159,99.28660326086957,28471.32301518431,0.2186046511627907,0.2930232558139535,0.24837209302325583,weak presentation + weak affinity,Low Priority,Heuristic low-priority candidate: weak presentation + weak affinity.
NRXN1,526,LFSHGKPRPQK,HLA-C0701,0.003651312835691988,99.28660326086957,28279.639049361762,0.20155038759689922,0.31627906976744186,0.2474418604651163,weak presentation + weak affinity,Low Priority,Heuristic low-priority candidate: weak presentation + weak affinity.
RAD23B,354,AGRGHMNYIQ,HLA-C0701,0.0036482542474514617,99.28660326086957,28264.879407385903,0.19844961240310077,0.3178294573643411,0.2462015503875969,weak presentation + weak affinity,Low Priority,Heuristic low-priority candidate: weak presentation + weak affinity.
USH1C,31,YLYDVLQMYHQ,HLA-C0701,0.004004535808299029,62.74467391304348,30356.990223805264,0.3302325581395349,0.10852713178294573,0.24155038759689923,moderate presentation + weak affinity,Low Priority,Heuristic low-priority candidate: moderate presentation + weak affinity.
PCDHA11,78,GDLLEVDLQNG,HLA-C0701,0.0036168470943481064,99.28660326086957,28255.744643885784,0.18914728682170542,0.31937984496124033,0.2412403100775194,weak presentation + weak affinity,Low Priority,Heuristic low-priority candidate: weak presentation + weak affinity.
NAV3,835,RTDNINSG,HLA-C0701,0.003881788919054646,99.28660326086957,29808.879927798775,0.2930232558139535,0.16279069767441862,0.24093023255813956,weak presentation + weak affinity,Low Priority,Heuristic low-priority candidate: weak presentation + weak affinity.
ZSCAN30,471,SSECRKTFRH,HLA-C0701,0.0036856734609988155,99.28660326086957,28714.273033529993,0.21705426356589147,0.2744186046511628,0.24,weak presentation + weak affinity,Low Priority,Heuristic low-priority candidate: weak presentation + weak affinity.
OR2H1,165,LAFCPHQQ,HLA-C0701,0.003741101445099638,99.28660326086957,29014.115699510436,0.23410852713178296,0.24651162790697675,0.23906976744186048,weak presentation + weak affinity,Low Priority,Heuristic low-priority candidate: weak presentation + weak affinity.
DPF2,200,KLDACILEDRD,HLA-C0701,0.0037200002994368284,99.28660326086957,28937.888899427344,0.22790697674418606,0.2527131782945736,0.23782945736434108,weak presentation + weak affinity,Low Priority,Heuristic low-priority candidate: weak presentation + weak affinity.
NAV3,835,LGKSLRTDNIN,HLA-C0701,0.0036032153340198477,99.28660326086957,28126.850335538682,0.17519379844961241,0.32868217054263565,0.2365891472868217,weak presentation + weak affinity,Low Priority,Heuristic low-priority candidate: weak presentation + weak affinity.
VPS13C,1749,SSMKDLARKS,HLA-C0701,0.0036798626908335604,99.28660326086957,28776.36643089427,0.2124031007751938,0.26976744186046514,0.23534883720930233,weak presentation + weak affinity,Low Priority,Heuristic low-priority candidate: weak presentation + weak affinity.
NAV3,835,DNINSGYMTDG,HLA-C0701,0.003810972726086917,99.28660326086957,29627.445382674327,0.2713178294573643,0.17984496124031008,0.2347286821705426,weak presentation + weak affinity,Low Priority,Heuristic low-priority candidate: weak presentation + weak affinity.
ZSCAN30,471,KPYESSEC,HLA-C0701,0.0037874412337175543,99.28660326086957,29409.89103528799,0.2558139534883721,0.20155038759689922,0.23410852713178296,weak presentation + weak affinity,Low Priority,Heuristic low-priority candidate: weak presentation + weak affinity.
DPF2,200,GSARKKLDAC,HLA-C0701,0.003603021340907944,99.28660326086957,28200.585750621063,0.17364341085271318,0.32248062015503876,0.23317829457364342,weak presentation + weak affinity,Low Priority,Heuristic low-priority candidate: weak presentation + weak affinity.
PSMD9,164,FVNTQNFQ,HLA-C0701,0.003803026982112386,99.28660326086957,29617.174639060646,0.26666666666666666,0.1813953488372093,0.23255813953488375,weak presentation + weak affinity,Low Priority,Heuristic low-priority candidate: weak presentation + weak affinity.
NAV1,1815,SKLYHLSPPT,HLA-C0701,0.003756937816555561,99.28660326086957,29225.1712432083,0.24186046511627907,0.2186046511627907,0.23255813953488372,weak presentation + weak affinity,Low Priority,Heuristic low-priority candidate: weak presentation + weak affinity.
USH1C,31,YDVLQMYHQ,HLA-C0701,0.0036122713370992823,99.28660326086957,28287.912353154872,0.17984496124031008,0.31007751937984496,0.23193798449612402,weak presentation + weak affinity,Low Priority,Heuristic low-priority candidate: weak presentation + weak affinity.
NRXN1,526,FSHGKPRP,HLA-C0701,0.003819223812448969,99.28660326086957,29783.7499588935,0.27286821705426356,0.16744186046511628,0.23069767441860464,weak presentation + weak affinity,Low Priority,Heuristic low-priority candidate: weak presentation + weak affinity.
C9orf43,77,ECTFIKAH,HLA-C0701,0.004092264183799891,62.74467391304348,31750.256106902918,0.36589147286821705,0.023255813953488372,0.22883720930232557,moderate presentation + weak affinity,Low Priority,Heuristic low-priority candidate: moderate presentation + weak affinity.
OR2H1,165,LHLAFCPH,HLA-C0701,0.003598595801613239,99.28660326086957,28283.86175607606,0.17209302325581396,0.3116279069767442,0.22790697674418606,weak presentation + weak affinity,Low Priority,Heuristic low-priority candidate: weak presentation + weak affinity.
PCDHA11,78,DLLEVDLQNG,HLA-C0701,0.0036944308479434115,99.28660326086957,29049.35955051691,0.22015503875968992,0.23875968992248062,0.2275968992248062,weak presentation + weak affinity,Low Priority,Heuristic low-priority candidate: weak presentation + weak affinity.
CLEC4F,444,QEQSHLKT,HLA-C0701,0.0036123602586568392,99.28660326086957,28522.46825340494,0.1813953488372093,0.2868217054263566,0.22356589147286823,weak presentation + weak affinity,Low Priority,Heuristic low-priority candidate: weak presentation + weak affinity.
FAT1,177,DANIGTNG,HLA-C0701,0.0037655637042132034,99.28660326086957,29616.60640809668,0.2496124031007752,0.18294573643410852,0.22294573643410853,weak presentation + weak affinity,Low Priority,Heuristic low-priority candidate: weak presentation + weak affinity.
OR2H1,165,TPSTLHLAFCP,HLA-C0701,0.0038042742307964118,99.28660326086957,29877.469868936536,0.2682170542635659,0.15348837209302327,0.22232558139534886,weak presentation + weak affinity,Low Priority,Heuristic low-priority candidate: weak presentation + weak affinity.
NRXN1,526,RPQKDAKH,HLA-C0701,0.0037211900858040853,99.28660326086957,29355.138365097093,0.22945736434108527,0.2062015503875969,0.22015503875968992,weak presentation + weak affinity,Low Priority,Heuristic low-priority candidate: weak presentation + weak affinity.
PCDHA11,78,DLQNGILFVN,HLA-C0701,0.0036432941104396167,99.28660326086957,28882.88056377021,0.19534883720930232,0.25736434108527134,0.22015503875968992,weak presentation + weak affinity,Low Priority,Heuristic low-priority candidate: weak presentation + weak affinity.
BIRC3,34,MCTYSTFPA,HLA-C0701,0.0035729377443535163,99.28660326086957,28282.249682222675,0.15503875968992248,0.3147286821705426,0.21891472868217055,weak presentation + weak affinity,Low Priority,Heuristic low-priority candidate: weak presentation + weak affinity.
PSMD9,164,EFGFVNTQNFQ,HLA-C0701,0.0037428444753394704,99.28660326086957,29583.70021188651,0.2372093023255814,0.1875968992248062,0.21736434108527133,weak presentation + weak affinity,Low Priority,Heuristic low-priority candidate: weak presentation + weak affinity.
OR2H1,165,TPSTLHLAFC,HLA-C0701,0.003614290105720258,99.28660326086957,28809.623260290617,0.18449612403100776,0.26666666666666666,0.21736434108527133,weak presentation + weak affinity,Low Priority,Heuristic low-priority candidate: weak presentation + weak affinity.
NRXN1,526,PRPQKDAKHP,HLA-C0701,0.0035732609068579043,99.28660326086957,28319.519688787626,0.15658914728682172,0.3054263565891473,0.21612403100775196,weak presentation + weak affinity,Low Priority,Heuristic low-priority candidate: weak presentation + weak affinity.
BIRC3,34,CTYSTFPAGVP,HLA-C0701,0.003653665592058693,99.28660326086957,29141.512317658766,0.20465116279069767,0.22790697674418606,0.21395348837209302,weak presentation + weak affinity,Low Priority,Heuristic low-priority candidate: weak presentation + weak affinity.
NAV3,835,NINSGYMTD,HLA-C0701,0.0035907501375260953,99.28660326086957,28684.13156916272,0.16899224806201552,0.2806201550387597,0.2136434108527132,weak presentation + weak affinity,Low Priority,Heuristic low-priority candidate: weak presentation + weak affinity.
C9orf43,77,ECTFIKAHSLL,HLA-C0701,0.0036161348034077292,99.28660326086957,29002.264524078695,0.1875968992248062,0.24806201550387597,0.2117829457364341,weak presentation + weak affinity,Low Priority,Heuristic low-priority candidate: weak presentation + weak affinity.
PSMD9,164,DDEIVEFGFV,HLA-C0701,0.0035955480277503667,99.28660326086957,28780.072613885022,0.17054263565891473,0.2682170542635659,0.2096124031007752,weak presentation + weak affinity,Low Priority,Heuristic low-priority candidate: weak presentation + weak affinity.
USH1C,31,LQMYHQTMD,HLA-C0701,0.003564173189089679,99.28660326086957,28439.770585558053,0.15193798449612403,0.2961240310077519,0.20961240310077517,weak presentation + weak affinity,Low Priority,Heuristic low-priority candidate: weak presentation + weak affinity.
NAV3,835,DNINSGYMTD,HLA-C0701,0.003603405580356685,99.28660326086957,28908.984118600292,0.17674418604651163,0.25426356589147286,0.20775193798449612,weak presentation + weak affinity,Low Priority,Heuristic low-priority candidate: weak presentation + weak affinity.
NAV3,835,DILGKSLRTDN,HLA-C0701,0.003858521382530292,99.28660326086957,30496.633931698583,0.2806201550387597,0.09767441860465116,0.20744186046511628,weak presentation + weak affinity,Low Priority,Heuristic low-priority candidate: weak presentation + weak affinity.
RAD23B,354,RGHMNYIQ,HLA-C0701,0.0036828530369377313,99.28660326086957,29615.863307373453,0.21550387596899226,0.18449612403100776,0.20310077519379843,weak presentation + weak affinity,Low Priority,Heuristic low-priority candidate: weak presentation + weak affinity.
NAV3,835,KSLRTDNINS,HLA-C0701,0.0036144518057956046,99.28660326086957,29210.5464744507,0.18604651162790697,0.22170542635658916,0.20031007751937985,weak presentation + weak affinity,Low Priority,Heuristic low-priority candidate: weak presentation + weak affinity.
USH1C,31,LQMYHQTMDVA,HLA-C0701,0.0037540401143552836,99.28660326086957,30020.600069538683,0.24031007751937986,0.13953488372093023,0.2,weak presentation + weak affinity,Low Priority,Heuristic low-priority candidate: weak presentation + weak affinity.
VPS13C,1749,MKDLARKS,HLA-C0701,0.003588904452747945,99.28660326086957,28995.77806247386,0.16589147286821707,0.2496124031007752,0.19937984496124034,weak presentation + weak affinity,Low Priority,Heuristic low-priority candidate: weak presentation + weak affinity.
SPTBN4,1832,MGTRAQLLAT,HLA-C0701,0.0035630697613374517,99.28660326086957,28736.255361467523,0.15038759689922482,0.27286821705426356,0.19937984496124034,weak presentation + weak affinity,Low Priority,Heuristic low-priority candidate: weak presentation + weak affinity.
OR2H1,165,QTPSTLHLAFC,HLA-C0701,0.003575905150985625,99.28660326086957,28852.31033290422,0.15813953488372093,0.26046511627906976,0.19906976744186045,weak presentation + weak affinity,Low Priority,Heuristic low-priority candidate: weak presentation + weak affinity.
DPF2,200,LDACILEDRD,HLA-C0701,0.003539215086182663,99.28660326086957,28615.216813449777,0.14263565891472868,0.28217054263565894,0.19844961240310077,weak presentation + weak affinity,Low Priority,Heuristic low-priority candidate: weak presentation + weak affinity.
C9orf43,77,TFIKAHSLLS,HLA-C0701,0.0037341584228624226,99.28660326086957,29982.548283412416,0.2310077519379845,0.14418604651162792,0.19627906976744186,weak presentation + weak affinity,Low Priority,Heuristic low-priority candidate: weak presentation + weak affinity.
USH1C,31,YDVLQMYHQTM,HLA-C0701,0.0035522646476602057,99.28660326086957,28770.640075057043,0.14573643410852713,0.2713178294573643,0.19596899224806202,weak presentation + weak affinity,Low Priority,Heuristic low-priority candidate: weak presentation + weak affinity.
CLEC4F,444,EIQQEQSHLKT,HLA-C0701,0.0035865522345464116,99.28660326086957,29018.06338559721,0.16279069767441862,0.24496124031007752,0.1956589147286822,weak presentation + weak affinity,Low Priority,Heuristic low-priority candidate: weak presentation + weak affinity.
FAT1,177,RVSATDANIG,HLA-C0701,0.0035906419677217776,99.28660326086957,29072.362652564283,0.16744186046511628,0.2372093023255814,0.19534883720930232,weak presentation + weak affinity,Low Priority,Heuristic low-priority candidate: weak presentation + weak affinity.
NRXN1,526,KPRPQKDA,HLA-C0701,0.0036071985929102034,99.28660326086957,29305.911089011122,0.17829457364341086,0.21085271317829457,0.19131782945736436,weak presentation + weak affinity,Low Priority,Heuristic low-priority candidate: weak presentation + weak affinity.
PCDHA11,78,LLEVDLQNG,HLA-C0701,0.0035524660237149313,99.28660326086957,28949.62613723041,0.14728682170542637,0.25116279069767444,0.18883720930232561,weak presentation + weak affinity,Low Priority,Heuristic low-priority candidate: weak presentation + weak affinity.
NAV3,835,LGKSLRTDN,HLA-C0701,0.003508433094970473,99.28660326086957,28819.854764768297,0.13488372093023257,0.26356589147286824,0.18635658914728684,weak presentation + weak affinity,Low Priority,Heuristic low-priority candidate: weak presentation + weak affinity.
NRXN1,526,GKPRPQKD,HLA-C0701,0.0036328950265551853,99.28660326086957,29631.20898564512,0.19224806201550387,0.17674418604651163,0.18604651162790697,weak presentation + weak affinity,Low Priority,Heuristic low-priority candidate: weak presentation + weak affinity.
SPTBN4,1832,GTRAQLLATS,HLA-C0701,0.0036331357099982195,99.28660326086957,29729.901102851032,0.1937984496124031,0.17209302325581396,0.18511627906976746,weak presentation + weak affinity,Low Priority,Heuristic low-priority candidate: weak presentation + weak affinity.
ZSCAN30,471,TGEKPYES,HLA-C0701,0.0035149593475372583,99.28660326086957,29037.582813468438,0.13798449612403102,0.2434108527131783,0.18015503875968994,weak presentation + weak affinity,Low Priority,Heuristic low-priority candidate: weak presentation + weak affinity.
SPTBN4,1832,TSRELHKFFSD,HLA-C0701,0.0035672955670649287,99.28660326086957,29290.701648149356,0.15348837209302327,0.2124031007751938,0.1770542635658915,weak presentation + weak affinity,Low Priority,Heuristic low-priority candidate: weak presentation + weak affinity.
PCDHA11,78,LEVDLQNG,HLA-C0701,0.0036530387725021885,99.28660326086957,30170.26174388348,0.20310077519379846,0.12558139534883722,0.17209302325581396,weak presentation + weak affinity,Low Priority,Heuristic low-priority candidate: weak presentation + weak affinity.
OR2H1,165,LAFCPHQQID,HLA-C0701,0.0035629771943736016,99.28660326086957,29367.316261557397,0.14883720930232558,0.20465116279069767,0.17116279069767443,weak presentation + weak affinity,Low Priority,Heuristic low-priority candidate: weak presentation + weak affinity.
PSMD9,164,IVEFGFVNTQN,HLA-C0701,0.0036252600913055,99.28660326086957,30052.36393926492,0.19069767441860466,0.13488372093023257,0.16837209302325584,weak presentation + weak affinity,Low Priority,Heuristic low-priority candidate: weak presentation + weak affinity.
OR2H1,165,HLAFCPHQQID,HLA-C0701,0.0035886522361706984,99.28660326086957,29711.67967882988,0.16434108527131783,0.17364341085271318,0.16806201550387598,weak presentation + weak affinity,Low Priority,Heuristic low-priority candidate: weak presentation + weak affinity.
PCDHA11,78,DLLEVDLQ,HLA-C0701,0.003530675031539582,99.28660326086957,29477.930997025574,0.14108527131782947,0.19844961240310077,0.164031007751938,weak presentation + weak affinity,Low Priority,Heuristic low-priority candidate: weak presentation + weak affinity.
FAT1,177,TDANIGTN,HLA-C0701,0.003477733061053707,99.28660326086957,29133.48913185065,0.11937984496124031,0.22945736434108527,0.1634108527131783,weak presentation + weak affinity,Low Priority,Heuristic low-priority candidate: weak presentation + weak affinity.
C9orf43,77,LPECTFIK,HLA-C0701,0.003613082490896224,99.28660326086957,30062.19439952898,0.18294573643410852,0.13333333333333333,0.16310077519379845,weak presentation + weak affinity,Low Priority,Heuristic low-priority candidate: weak presentation + weak affinity.
FAT1,3599,KVIAHKKLD,HLA-C0701,0.0034958147162030464,99.28660326086957,29269.5773251351,0.12713178294573643,0.21705426356589147,0.16310077519379845,weak presentation + weak affinity,Low Priority,Heuristic low-priority candidate: weak presentation + weak affinity.
SPTBN4,1832,TSRELHKFFS,HLA-C0701,0.0035061461116026125,99.28660326086957,29393.54947829107,0.13333333333333333,0.20310077519379846,0.16124031007751938,weak presentation + weak affinity,Low Priority,Heuristic low-priority candidate: weak presentation + weak affinity.
OR2H1,165,LAFCPHQQIDD,HLA-C0701,0.003529775059022224,99.28660326086957,29519.667717805725,0.13953488372093023,0.19069767441860466,0.16,weak presentation + weak affinity,Low Priority,Heuristic low-priority candidate: weak presentation + weak affinity.
DPF2,200,CILEDRDKP,HLA-C0701,0.003478622192337663,99.28660326086957,29273.17051522879,0.12093023255813953,0.21550387596899226,0.15875968992248063,weak presentation + weak affinity,Low Priority,Heuristic low-priority candidate: weak presentation + weak affinity.
BIRC3,34,MCTYSTFPAGV,HLA-C0701,0.003454261314745274,99.28660326086957,29289.5866966637,0.11627906976744186,0.21395348837209302,0.15534883720930232,weak presentation + weak affinity,Low Priority,Heuristic low-priority candidate: weak presentation + weak affinity.
FAT1,3599,VIAHKKLDIGQ,HLA-C0701,0.003539649278439909,99.28660326086957,29813.35285086657,0.14418604651162792,0.16124031007751938,0.1510077519379845,weak presentation + weak affinity,Low Priority,Heuristic low-priority candidate: weak presentation + weak affinity.
SPTBN4,1832,MGTRAQLLATS,HLA-C0701,0.003479438546044769,99.28660326086957,29493.524274169842,0.12248062015503876,0.1937984496124031,0.1510077519379845,weak presentation + weak affinity,Low Priority,Heuristic low-priority candidate: weak presentation + weak affinity.
NAV3,835,NINSGYMTDGG,HLA-C0701,0.003462883304765132,99.28660326086957,29490.299738620255,0.11782945736434108,0.19534883720930232,0.14883720930232558,weak presentation + weak affinity,Low Priority,Heuristic low-priority candidate: weak presentation + weak affinity.
USH1C,31,DVLQMYHQ,HLA-C0701,0.003696190214565439,99.28660326086957,31511.935403555035,0.22170542635658916,0.03875968992248062,0.14852713178294574,weak presentation + weak affinity,Low Priority,Heuristic low-priority candidate: weak presentation + weak affinity.
C9orf43,77,IKAHSLLSQSS,HLA-C0701,0.003578919113910147,99.28660326086957,30151.495275697005,0.16124031007751938,0.12713178294573643,0.1475968992248062,weak presentation + weak affinity,Low Priority,Heuristic low-priority candidate: weak presentation + weak affinity.
C9orf43,77,IKAHSLLSQS,HLA-C0701,0.003513109901284694,99.28660326086957,29843.697156582548,0.13643410852713178,0.15968992248062017,0.14573643410852713,weak presentation + weak affinity,Low Priority,Heuristic low-priority candidate: weak presentation + weak affinity.
RAD23B,354,EAGRGHMNYIQ,HLA-C0701,0.003576629923981164,99.28660326086957,30183.74838844361,0.15968992248062017,0.12403100775193798,0.1454263565891473,weak presentation + weak affinity,Low Priority,Heuristic low-priority candidate: weak presentation + weak affinity.
OR2H1,165,TLHLAFCP,HLA-C0701,0.0037169915647907955,99.28660326086957,32064.36251208393,0.2248062015503876,0.012403100775193798,0.1398449612403101,weak presentation + weak affinity,Low Priority,Heuristic low-priority candidate: weak presentation + weak affinity.
USH1C,31,LYDVLQMYHQT,HLA-C0701,0.0034914181591707057,99.28660326086957,30004.512129337887,0.12558139534883722,0.14108527131782947,0.13178294573643412,weak presentation + weak affinity,Low Priority,Heuristic low-priority candidate: weak presentation + weak affinity.
CLEC4F,444,HLKTLHVVIT,HLA-C0701,0.0035028350140285476,99.28660326086957,30087.56403493709,0.13023255813953488,0.13178294573643412,0.13085271317829458,weak presentation + weak affinity,Low Priority,Heuristic low-priority candidate: weak presentation + weak affinity.
FAT1,177,ANIGTNGE,HLA-C0701,0.0034329225366198438,99.28660326086957,29786.255362884367,0.10542635658914729,0.16589147286821707,0.1296124031007752,weak presentation + weak affinity,Low Priority,Heuristic low-priority candidate: weak presentation + weak affinity.
SPTBN4,1832,LATSRELH,HLA-C0701,0.003497120260342712,99.28660326086957,30123.749744255467,0.12868217054263567,0.13023255813953488,0.12930232558139537,weak presentation + weak affinity,Low Priority,Heuristic low-priority candidate: weak presentation + weak affinity.
VPS13C,1749,ASSMKDLARKS,HLA-C0701,0.003417794397158377,99.28660326086957,29782.01374355931,0.09767441860465116,0.16899224806201552,0.1262015503875969,weak presentation + weak affinity,Low Priority,Heuristic low-priority candidate: weak presentation + weak affinity.
NRXN1,526,LFSHGKPRP,HLA-C0701,0.0034458758578264853,99.28660326086957,29938.4303642202,0.11162790697674418,0.14573643410852713,0.12527131782945736,weak presentation + weak affinity,Low Priority,Heuristic low-priority candidate: weak presentation + weak affinity.
NAV1,1815,QDQSKLYHLS,HLA-C0701,0.003436194915359583,99.28660326086957,29901.90669974957,0.10697674418604651,0.15193798449612403,0.12496124031007752,weak presentation + weak affinity,Low Priority,Heuristic low-priority candidate: weak presentation + weak affinity.
DPF2,200,LDACILED,HLA-C0701,0.0034183134998823947,99.28660326086957,29860.98224262532,0.10077519379844961,0.15503875968992248,0.12248062015503876,weak presentation + weak affinity,Low Priority,Heuristic low-priority candidate: weak presentation + weak affinity.
BIRC3,34,YDLSCELYRMC,HLA-C0701,0.003398773485444246,99.28660326086957,29781.346798719518,0.08992248062015504,0.17054263565891473,0.12217054263565891,weak presentation + weak affinity,Low Priority,Heuristic low-priority candidate: weak presentation + weak affinity.
RAD23B,354,EAGRGHMN,HLA-C0701,0.0033997424494729275,99.28660326086957,29798.73125509998,0.09302325581395349,0.16434108527131783,0.12155038759689922,weak presentation + weak affinity,Low Priority,Heuristic low-priority candidate: weak presentation + weak affinity.
PSMD9,164,GFVNTQNFQS,HLA-C0701,0.0034180844668213264,99.28660326086957,29926.289454662663,0.09922480620155039,0.14883720930232558,0.11906976744186046,weak presentation + weak affinity,Low Priority,Heuristic low-priority candidate: weak presentation + weak affinity.
BIRC3,34,SCELYRMCT,HLA-C0701,0.0033916643365294926,99.28660326086957,29846.755457086492,0.08527131782945736,0.15813953488372093,0.1144186046511628,weak presentation + weak affinity,Low Priority,Heuristic low-priority candidate: weak presentation + weak affinity.
BIRC3,34,RMCTYSTFPAG,HLA-C0701,0.0034202988664220973,99.28660326086957,30142.137741544844,0.10387596899224806,0.12868217054263567,0.1137984496124031,weak presentation + weak affinity,Low Priority,Heuristic low-priority candidate: weak presentation + weak affinity.
FAT1,3599,KVIAHKKLDIG,HLA-C0701,0.0035048689214501006,99.28660326086957,30716.525598641634,0.13178294573643412,0.08527131782945736,0.11317829457364341,weak presentation + weak affinity,Low Priority,Heuristic low-priority candidate: weak presentation + weak affinity.
SPTBN4,1832,QLLATSRELH,HLA-C0701,0.0034477295736627775,99.28660326086957,30287.85307490617,0.11317829457364341,0.11162790697674418,0.11255813953488372,weak presentation + weak affinity,Low Priority,Heuristic low-priority candidate: weak presentation + weak affinity.
NAV1,1815,QSKLYHLSPP,HLA-C0701,0.0034809209981857916,99.28660326086957,30715.70983505886,0.12403100775193798,0.08682170542635659,0.10914728682170544,weak presentation + weak affinity,Low Priority,Heuristic low-priority candidate: weak presentation + weak affinity.
FAT1,177,IARVSATDAN,HLA-C0701,0.003395546815744313,99.28660326086957,30039.519235072363,0.08837209302325581,0.13798449612403102,0.1082170542635659,weak presentation + weak affinity,Low Priority,Heuristic low-priority candidate: weak presentation + weak affinity.
ZSCAN30,471,PYESSECRKT,HLA-C0701,0.0033907247952326878,99.28660326086957,29995.528943380024,0.08372093023255814,0.14263565891472868,0.10728682170542636,weak presentation + weak affinity,Low Priority,Heuristic low-priority candidate: weak presentation + weak affinity.
ZSCAN30,471,ESSECRKT,HLA-C0701,0.003382081267265323,99.28660326086957,29935.23344359737,0.07751937984496124,0.14728682170542637,0.10542635658914729,weak presentation + weak affinity,Low Priority,Heuristic low-priority candidate: weak presentation + weak affinity.
NAV1,1815,QSKLYHLS,HLA-C0701,0.0034193868877503693,99.28660326086957,30477.066078079533,0.10232558139534884,0.09922480620155039,0.10108527131782946,weak presentation + weak affinity,Low Priority,Heuristic low-priority candidate: weak presentation + weak affinity.
NAV3,835,ILGKSLRTDN,HLA-C0701,0.003394381727137471,99.28660326086957,30230.750867188326,0.08682170542635659,0.11782945736434108,0.09922480620155039,weak presentation + weak affinity,Low Priority,Heuristic low-priority candidate: weak presentation + weak affinity.
NAV3,835,NINSGYMTDG,HLA-C0701,0.003389287950923904,99.28660326086957,30198.838497736622,0.08062015503875969,0.12248062015503876,0.09736434108527131,weak presentation + weak affinity,Low Priority,Heuristic low-priority candidate: weak presentation + weak affinity.
FAT1,177,SATDANIG,HLA-C0701,0.0033744893356396476,99.28660326086957,30217.896055130193,0.07441860465116279,0.12093023255813953,0.09302325581395349,weak presentation + weak affinity,Low Priority,Heuristic low-priority candidate: weak presentation + weak affinity.
OR2H1,165,TLHLAFCPHQQ,HLA-C0701,0.0034374174597891975,99.28660326086957,31067.711923951425,0.10852713178294573,0.05581395348837209,0.08744186046511628,weak presentation + weak affinity,Low Priority,Heuristic low-priority candidate: weak presentation + weak affinity.
C9orf43,77,IKAHSLLS,HLA-C0701,0.0034487039340503354,99.28660326086957,31358.022947940033,0.11472868217054263,0.04496124031007752,0.08682170542635659,weak presentation + weak affinity,Low Priority,Heuristic low-priority candidate: weak presentation + weak affinity.
BIRC3,34,LSCELYRMCT,HLA-C0701,0.0033626462995498835,99.28660326086957,30272.18258004683,0.06821705426356589,0.11472868217054263,0.08682170542635659,weak presentation + weak affinity,Low Priority,Heuristic low-priority candidate: weak presentation + weak affinity.
C9orf43,77,PECTFIKAHS,HLA-C0701,0.003401503126097938,99.28660326086957,30849.532638369503,0.09457364341085271,0.07131782945736434,0.08527131782945736,weak presentation + weak affinity,Low Priority,Heuristic low-priority candidate: weak presentation + weak affinity.
BIRC3,34,MCTYSTFPAG,HLA-C0701,0.0033463830166039865,99.28660326086957,30258.47164809961,0.05736434108527132,0.11627906976744186,0.08093023255813953,weak presentation + weak affinity,Low Priority,Heuristic low-priority candidate: weak presentation + weak affinity.
C9orf43,77,LPECTFIKAHS,HLA-C0701,0.0034432302807875046,99.28660326086957,31537.231485925156,0.11007751937984496,0.03565891472868217,0.08031007751937985,weak presentation + weak affinity,Low Priority,Heuristic low-priority candidate: weak presentation + weak affinity.
BIRC3,34,DLSCELYRMC,HLA-C0701,0.003347820308807968,99.28660326086957,30314.464431695753,0.06046511627906977,0.11007751937984496,0.08031007751937985,weak presentation + weak affinity,Low Priority,Heuristic low-priority candidate: weak presentation + weak affinity.
SPTBN4,1832,RAQLLATS,HLA-C0701,0.0033989947388076893,99.28660326086957,30963.909062366212,0.09147286821705426,0.06201550387596899,0.07968992248062015,weak presentation + weak affinity,Low Priority,Heuristic low-priority candidate: weak presentation + weak affinity.
FAT1,3599,GGKVIAHKKLD,HLA-C0701,0.0033496310590608036,99.28660326086957,30419.923606416363,0.06356589147286822,0.10387596899224806,0.07968992248062015,weak presentation + weak affinity,Low Priority,Heuristic low-priority candidate: weak presentation + weak affinity.
VPS13C,1749,RKSFRLLMDIN,HLA-C0701,0.0033901749359441145,99.28660326086957,30786.292446866937,0.08217054263565891,0.07441860465116279,0.07906976744186046,weak presentation + weak affinity,Low Priority,Heuristic low-priority candidate: weak presentation + weak affinity.
OR2H1,165,STLHLAFC,HLA-C0701,0.003366061503244926,99.28660326086957,30749.578580947124,0.07131782945736434,0.08062015503875969,0.07503875968992248,weak presentation + weak affinity,Low Priority,Heuristic low-priority candidate: weak presentation + weak affinity.
C9orf43,77,CTFIKAHSLLS,HLA-C0701,0.00335694535209135,99.28660326086957,30667.726518244694,0.06511627906976744,0.08992248062015504,0.07503875968992248,weak presentation + weak affinity,Low Priority,Heuristic low-priority candidate: weak presentation + weak affinity.
PCDHA11,78,LLEVDLQN,HLA-C0701,0.0033437026849819753,99.28660326086957,30454.580163458228,0.05581395348837209,0.10077519379844961,0.07379844961240309,weak presentation + weak affinity,Low Priority,Heuristic low-priority candidate: weak presentation + weak affinity.
DPF2,200,ACILEDRDKP,HLA-C0701,0.0033405521242350546,99.28660326086957,30420.45342190496,0.05426356589147287,0.10232558139534884,0.07348837209302325,weak presentation + weak affinity,Low Priority,Heuristic low-priority candidate: weak presentation + weak affinity.
SPTBN4,1832,RAQLLATSRE,HLA-C0701,0.0033604539194373767,99.28660326086957,30774.027006896984,0.06666666666666667,0.07751937984496124,0.0710077519379845,weak presentation + weak affinity,Low Priority,Heuristic low-priority candidate: weak presentation + weak affinity.
OR2H1,165,STLHLAFCPHQ,HLA-C0701,0.003404505267619239,99.28660326086957,31596.549311316794,0.09612403100775194,0.03255813953488372,0.07069767441860465,weak presentation + weak affinity,Low Priority,Heuristic low-priority candidate: weak presentation + weak affinity.
OR2H1,165,HLAFCPHQ,HLA-C0701,0.0033854656722332736,99.28660326086957,31165.17320654884,0.07906976744186046,0.04961240310077519,0.06728682170542635,weak presentation + weak affinity,Low Priority,Heuristic low-priority candidate: weak presentation + weak affinity.
SPTBN4,1832,LMGTRAQLLAT,HLA-C0701,0.003327009110783832,99.28660326086957,30651.808210059542,0.05116279069767442,0.09147286821705426,0.06728682170542635,weak presentation + weak affinity,Low Priority,Heuristic low-priority candidate: weak presentation + weak affinity.
OR2H1,165,PSTLHLAFCPH,HLA-C0701,0.0033494787997873587,99.28660326086957,30857.50490584361,0.06201550387596899,0.06976744186046512,0.06511627906976744,weak presentation + weak affinity,Low Priority,Heuristic low-priority candidate: weak presentation + weak affinity.
NAV3,835,NINSGYMT,HLA-C0701,0.003362956540675393,99.28660326086957,30996.144410234418,0.06976744186046512,0.05736434108527132,0.0648062015503876,weak presentation + weak affinity,Low Priority,Heuristic low-priority candidate: weak presentation + weak affinity.
USH1C,31,YDVLQMYHQT,HLA-C0701,0.0033130366035530674,99.28660326086957,30699.94703566297,0.04496124031007752,0.08837209302325581,0.06232558139534884,weak presentation + weak affinity,Low Priority,Heuristic low-priority candidate: weak presentation + weak affinity.
BIRC3,34,CELYRMCTYS,HLA-C0701,0.003309588006227593,99.28660326086957,30729.28362139144,0.043410852713178294,0.08372093023255814,0.05953488372093023,weak presentation + weak affinity,Low Priority,Heuristic low-priority candidate: weak presentation + weak affinity.
OR2H1,165,PSTLHLAFCP,HLA-C0701,0.0033342942350880448,99.28660326086957,30913.23280313312,0.05271317829457364,0.06666666666666667,0.058294573643410855,weak presentation + weak affinity,Low Priority,Heuristic low-priority candidate: weak presentation + weak affinity.
FAT1,3599,VIAHKKLDIG,HLA-C0701,0.003320501677436136,99.28660326086957,30860.903937149527,0.04961240310077519,0.06821705426356589,0.05705426356589147,weak presentation + weak affinity,Low Priority,Heuristic low-priority candidate: weak presentation + weak affinity.
PSMD9,164,IVEFGFVN,HLA-C0701,0.0033811297882889004,99.28660326086957,31697.78030173217,0.07596899224806201,0.02635658914728682,0.056124031007751936,weak presentation + weak affinity,Low Priority,Heuristic low-priority candidate: weak presentation + weak affinity.
BIRC3,34,SCELYRMC,HLA-C0701,0.0033001151343000916,99.28660326086957,30768.854960991055,0.040310077519379844,0.07906976744186046,0.05581395348837209,weak presentation + weak affinity,Low Priority,Heuristic low-priority candidate: weak presentation + weak affinity.
NRXN1,526,PQKDAKHP,HLA-C0701,0.003297289611260077,99.28660326086957,30742.104438093655,0.037209302325581395,0.08217054263565891,0.055193798449612405,weak presentation + weak affinity,Low Priority,Heuristic low-priority candidate: weak presentation + weak affinity.
BIRC3,34,CTYSTFPA,HLA-C0701,0.0033204555664993847,99.28660326086957,30950.074451659744,0.04806201550387597,0.06356589147286822,0.05426356589147287,weak presentation + weak affinity,Low Priority,Heuristic low-priority candidate: weak presentation + weak affinity.
USH1C,31,DVLQMYHQTMD,HLA-C0701,0.0033679704079366437,99.28660326086957,31742.565986576647,0.07286821705426356,0.024806201550387597,0.05364341085271318,weak presentation + weak affinity,Low Priority,Heuristic low-priority candidate: weak presentation + weak affinity.
BIRC3,34,ELYRMCTYS,HLA-C0701,0.0033132199358688855,99.28660326086957,30977.47141734362,0.046511627906976744,0.06046511627906977,0.052093023255813956,weak presentation + weak affinity,Low Priority,Heuristic low-priority candidate: weak presentation + weak affinity.
USH1C,31,VLQMYHQT,HLA-C0701,0.003296226094069368,99.28660326086957,30824.4061100385,0.03565891472868217,0.07286821705426356,0.05054263565891473,weak presentation + weak affinity,Low Priority,Heuristic low-priority candidate: weak presentation + weak affinity.
C9orf43,77,FIKAHSLLSQS,HLA-C0701,0.003346581979068009,99.28660326086957,31633.878902772885,0.05891472868217054,0.02945736434108527,0.04713178294573644,weak presentation + weak affinity,Low Priority,Heuristic low-priority candidate: weak presentation + weak affinity.
BIRC3,34,CELYRMCT,HLA-C0701,0.003297301293943252,99.28660326086957,31291.585934073162,0.03875968992248062,0.046511627906976744,0.04186046511627907,weak presentation + weak affinity,Low Priority,Heuristic low-priority candidate: weak presentation + weak affinity.
BIRC3,34,CELYRMCTYST,HLA-C0701,0.003279174657037204,99.28660326086957,31092.22630961562,0.031007751937984496,0.05426356589147287,0.040310077519379844,weak presentation + weak affinity,Low Priority,Heuristic low-priority candidate: weak presentation + weak affinity.
ZSCAN30,471,EKPYESSE,HLA-C0701,0.0032794194687384,99.28660326086957,31141.293921736586,0.03255813953488372,0.05116279069767442,0.04,weak presentation + weak affinity,Low Priority,Heuristic low-priority candidate: weak presentation + weak affinity.
OR2H1,165,TLHLAFCPHQ,HLA-C0701,0.0032959220902324345,99.28660326086957,31374.09189330002,0.034108527131782945,0.043410852713178294,0.03782945736434108,weak presentation + weak affinity,Low Priority,Heuristic low-priority candidate: weak presentation + weak affinity.
USH1C,31,VLQMYHQTMDV,HLA-C0701,0.0032756619317134807,99.28660326086957,31139.81268792158,0.027906976744186046,0.05271317829457364,0.03782945736434108,weak presentation + weak affinity,Low Priority,Heuristic low-priority candidate: weak presentation + weak affinity.
C9orf43,77,CTFIKAHS,HLA-C0701,0.0033067017877677126,99.28660326086957,31632.09884032512,0.04186046511627907,0.031007751937984496,0.03751937984496124,weak presentation + weak affinity,Low Priority,Heuristic low-priority candidate: weak presentation + weak affinity.
NAV1,1815,QSKLYHLSPPT,HLA-C0701,0.003253186812486466,99.28660326086957,31237.93894886148,0.021705426356589147,0.04806201550387597,0.03224806201550388,weak presentation + weak affinity,Low Priority,Heuristic low-priority candidate: weak presentation + weak affinity.
C9orf43,77,ECTFIKAHS,HLA-C0701,0.003263212370933166,99.28660326086957,31464.65810181093,0.024806201550387597,0.04186046511627907,0.03162790697674418,weak presentation + weak affinity,Low Priority,Heuristic low-priority candidate: weak presentation + weak affinity.
NAV3,835,SLRTDNIN,HLA-C0701,0.0032774148287112756,99.28660326086957,31576.92888469537,0.02945736434108527,0.034108527131782945,0.031317829457364346,weak presentation + weak affinity,Low Priority,Heuristic low-priority candidate: weak presentation + weak affinity.
RAD23B,354,GIAEAGRG,HLA-C0701,0.003248109401100399,99.28660326086957,31465.33725174373,0.018604651162790697,0.040310077519379844,0.02728682170542636,weak presentation + weak affinity,Low Priority,Heuristic low-priority candidate: weak presentation + weak affinity.
USH1C,31,VLQMYHQTMD,HLA-C0701,0.0032175107499452797,99.28660326086957,31518.668403304877,0.013953488372093023,0.037209302325581395,0.023255813953488372,weak presentation + weak affinity,Low Priority,Heuristic low-priority candidate: weak presentation + weak affinity.
VPS13C,1749,LARKSFRLLMD,HLA-C0701,0.003262608326039896,99.28660326086957,31768.28409435337,0.023255813953488372,0.021705426356589147,0.022635658914728685,weak presentation + weak affinity,Low Priority,Heuristic low-priority candidate: weak presentation + weak affinity.
BIRC3,34,ELYRMCTYST,HLA-C0701,0.003226062604337299,99.28660326086957,31689.112211963606,0.015503875968992248,0.027906976744186046,0.020465116279069766,weak presentation + weak affinity,Low Priority,Heuristic low-priority candidate: weak presentation + weak affinity.
NRXN1,526,LILFSHGKPRP,HLA-C0701,0.003264306970637251,99.28660326086957,32322.833161402526,0.02635658914728682,0.007751937984496124,0.01891472868217054,weak presentation + weak affinity,Low Priority,Heuristic low-priority candidate: weak presentation + weak affinity.
NAV3,835,GKSLRTDN,HLA-C0701,0.00325184120025318,99.28660326086957,31985.960884390242,0.020155038759689922,0.013953488372093023,0.017674418604651163,weak presentation + weak affinity,Low Priority,Heuristic low-priority candidate: weak presentation + weak affinity.
BIRC3,34,DLSCELYRMCT,HLA-C0701,0.0031945706939705285,99.28660326086957,31793.64396905263,0.010852713178294573,0.018604651162790697,0.013953488372093023,weak presentation + weak affinity,Low Priority,Heuristic low-priority candidate: weak presentation + weak affinity.
BIRC3,34,LYRMCTYS,HLA-C0701,0.0032007526917273523,99.28660326086957,31894.290263240735,0.012403100775193798,0.015503875968992248,0.013643410852713178,weak presentation + weak affinity,Low Priority,Heuristic low-priority candidate: weak presentation + weak affinity.
DPF2,200,ACILEDRD,HLA-C0701,0.0031820899212186738,99.28660326086957,31876.076419864625,0.007751937984496124,0.017054263565891473,0.011472868217054264,weak presentation + weak affinity,Low Priority,Heuristic low-priority candidate: weak presentation + weak affinity.
USH1C,31,QMYHQTMD,HLA-C0701,0.003246693181502731,99.28660326086957,32632.94195754936,0.017054263565891473,0.0031007751937984496,0.011472868217054262,weak presentation + weak affinity,Low Priority,Heuristic low-priority candidate: weak presentation + weak affinity.
FAT1,3599,VIAHKKLD,HLA-C0701,0.0031837228051334408,99.28660326086957,32110.56254168426,0.009302325581395349,0.010852713178294573,0.00992248062015504,weak presentation + weak affinity,Low Priority,Heuristic low-priority candidate: weak presentation + weak affinity.
FAT1,177,RVSATDAN,HLA-C0701,0.00317340166487483,99.28660326086957,32159.23965945252,0.004651162790697674,0.009302325581395349,0.0065116279069767444,weak presentation + weak affinity,Low Priority,Heuristic low-priority candidate: weak presentation + weak affinity.
SPTBN4,1832,QLLATSRE,HLA-C0701,0.0031803436112365657,99.28660326086957,32761.419014380255,0.006201550387596899,0.0015503875968992248,0.004341085271317829,weak presentation + weak affinity,Low Priority,Heuristic low-priority candidate: weak presentation + weak affinity.
BIRC3,34,SCELYRMCTYS,HLA-C0701,0.0031293015445698173,99.28660326086957,32417.618591914816,0.0031007751937984496,0.006201550387596899,0.004341085271317829,weak presentation + weak affinity,Low Priority,Heuristic low-priority candidate: weak presentation + weak affinity.
BIRC3,34,MCTYSTFP,HLA-C0701,0.0031128138702746343,99.28660326086957,32632.582216789073,0.0015503875968992248,0.004651162790697674,0.0027906976744186047,weak presentation + weak affinity,Low Priority,Heuristic low-priority candidate: weak presentation + weak affinity.
BIRC3,34,LYRMCTYSTFP,HLA-C0701,0.0030657533267051313,99.28660326086957,33195.79809767989,0.0,0.0,0.0,weak presentation + weak affinity,Low Priority,Heuristic low-priority candidate: weak presentation + weak affinity.
